{
  "T": 50,
  "N": 4,
  "returns": [
    [0.013709584471, 0.003219252652, 0.012009653756, -0.00040698475151],
    [-0.005646981714, -0.0078383894088, 0.010447510872, -0.015515448223],
    [0.0036312841134, 0.015757275198, -0.010032086468, 0.011671695492],
    [0.0063286260496, 0.0064289930572, 0.018484819017, -0.0027364570137],
    [0.0040426832314, 0.000897606466, -0.0066677340876, -0.0046784532467],
    [-0.0010612451609, 0.0027655074729, 0.0010551381246, -0.01238252328],
    [0.015115219974, 0.0067928881606, -0.0042225588187, -7.7620337773e-05],
    [-0.00094659038413, 0.00089832886579, -0.0012235017195, -0.0080028217795],
    [0.020184237139, -0.029930900832, 0.001881930345, -0.0053349232995],
    [-0.00062714099052, 0.0028488295353, 0.00119160958, 0.012876752456],
    [0.013048696542, -0.0036723464274, -0.00025092550867, -0.0017552587024],
    [0.022866453927, 0.0018523056487, 0.0010807272794, -0.010717823842],
    [-0.013888607011, 0.0058182372737, -0.0048543523585, 0.0016320688247],
    [-0.0027878876682, 0.013997368273, -0.0050421713069, -0.0036273841563],
    [-0.0013332133639, -0.0072729205947, -0.016610990799, 0.0059001354799],
    [0.0063595039807, 0.01302542632, -0.0038233372687, 0.014324219277],
    [-0.0028425292142, 0.0033584811975, -0.0051265025788, -0.0099269251111],
    [-0.026564554209, 0.010385060987, 0.027018910003, 0.0045465029758],
    [-0.024404669286, 0.0092072856829, -0.013621162312, 0.00084898058678],
    [0.013201133457, 0.0072087816287, 0.0013725621856, 0.0089556558226],
    [-0.0030663859408, -0.010431189386, -0.014936250673, -0.0022977813895],
    [-0.01781308434, -0.00090186386611, -0.014704357414, 0.0083661906846],
    [-0.0017191735576, 0.00623518162, 0.001247023862, -0.017450558613],
    [0.012146746992, -0.0095352335777, -0.0099663913488, 0.016894589213],
    [0.018951934613, -0.0054282881457, -1.8226143047e-05, 0.0086477797852],
    [-0.0043046913161, 0.0058099649768, -0.0042825888143, -0.0015077598889],
    [-0.0025726938277, 0.0076817873783, -0.0061367160645, -0.014490071301],
    [-0.017631630852, 0.0046376758854, -0.020246778454, 0.0064300870004],
    [0.0046009735483, -0.0088577629741, -0.012247479504, 0.0048319386381],
    [-0.0063999487596, -0.010997808986, 0.0017951644112, -6.3556264214e-05],
    [0.0045545012324, 0.015127070098, 0.0056762059442, 0.0015145589286],
    [0.0070483733723, 0.0025792143753, -0.0049287735355, -0.0058410897035],
    [0.01035103522, 0.0008844022916, 6.2884065351e-07, 0.0036880673263],
    [-0.0060892637541, -0.0012089653754, 0.011228896434, 0.0029465433972],
    [0.005049551233, -0.011943288952, 0.01439855743, -0.0027925937334],
    [-0.017170086791, 0.0061199689804, -0.010971137684, -0.013362366549],
    [-0.0078445900838, -0.0021713984575, -0.0011731956025, 0.0070074881844],
    [-0.0085090759418, -0.0018275670633, 0.012014984009, 0.0055419662227],
    [-0.024142076499, 0.0093334632857, -0.0046972958057, -0.008363065928],
    [0.00036122606892, 0.0082177311051, -0.00052469484939, -0.01594588162],
    [0.002059986002, 0.013921163759, -0.00086107298237, 0.0020495858059],
    [-0.0036105729855, -0.0047617392305, -0.0088767901791, -0.0034508797797],
    [0.007581632357, 0.0065034856073, -0.0044468400488, 0.0025261170336],
    [-0.0072670482708, 0.013911104564, -0.00029444879088, -0.012940024655],
    [-0.013682810444, -0.011107888794, -0.0041386884906, -0.0095917044438],
    [0.0043281802589, -0.0086079258688, 0.011133860234, 0.010857748537],
    [-0.0081139317619, -0.011317386809, -0.0048099284165, 0.0040377490472],
    [0.014441012617, -0.014592139995, -0.004331690326, 0.0058648753672],
    [-0.0043144620261, 0.00079982553241, 0.0069686257655, 0.018152284462],
    [0.006556478834, 0.0065320433965, -0.010563684132, 0.001288214286]
  ],
  "m3_sample": [-3.8541317679e-07, -2.5567070005e-08, 7.4670183405e-08, 2.7656358655e-08, -2.5567070005e-08, 3.8153230608e-07, -7.0583251275e-08, 3.6369148985e-08, 7.4670183405e-08, -7.0583251275e-08, -5.9093469851e-07, -1.1499747836e-07, 2.7656358655e-08, 3.6369148985e-08, -1.1499747836e-07, -1.5356303731e-08, -2.5567070005e-08, 3.8153230608e-07, -7.0583251275e-08, 3.6369148985e-08, 3.8153230608e-07, -5.7953888096e-07, 4.2873171091e-08, -1.7935968634e-08, -7.0583251275e-08, 4.2873171091e-08, 3.8335063688e-08, 6.7650492273e-08, 3.6369148985e-08, -1.7935968634e-08, 6.7650492273e-08, 8.5284672539e-08, 7.4670183405e-08, -7.0583251275e-08, -5.9093469851e-07, -1.1499747836e-07, -7.0583251275e-08, 4.2873171091e-08, 3.8335063688e-08, 6.7650492273e-08, -5.9093469851e-07, 3.8335063688e-08, 5.1245539262e-07, 2.0998201292e-07, -1.1499747836e-07, 6.7650492273e-08, 2.0998201292e-07, 1.6000473437e-08, 2.7656358655e-08, 3.6369148985e-08, -1.1499747836e-07, -1.5356303731e-08, 3.6369148985e-08, -1.7935968634e-08, 6.7650492273e-08, 8.5284672539e-08, -1.1499747836e-07, 6.7650492273e-08, 2.0998201292e-07, 1.6000473437e-08, -1.5356303731e-08, 8.5284672539e-08, 1.6000473437e-08, -4.7847321317e-08],
  "m4_sample": [4.6860125999e-08, -1.4736362121e-08, 2.9080244388e-11, -4.7556109534e-10, -1.4736362121e-08, 1.5006963224e-08, 1.1913787405e-09, 8.4389155092e-11, 2.9080244388e-11, 1.1913787405e-09, 1.9287472266e-08, 5.5287482597e-10, -4.7556109534e-10, 8.4389155092e-11, 5.5287482597e-10, 7.4608727561e-09, -1.4736362121e-08, 1.5006963224e-08, 1.1913787405e-09, 8.4389155092e-11, 1.5006963224e-08, -1.3381090772e-08, 7.5441110194e-10, 5.9744765848e-10, 1.1913787405e-09, 7.5441110194e-10, -4.9647237803e-09, -4.4072651858e-10, 8.4389155092e-11, 5.9744765848e-10, -4.4072651858e-10, -1.3759167344e-09, 2.9080244388e-11, 1.1913787405e-09, 1.9287472266e-08, 5.5287482597e-10, 1.1913787405e-09, 7.5441110194e-10, -4.9647237803e-09, -4.4072651858e-10, 1.9287472266e-08, -4.9647237803e-09, -6.5695954763e-09, -2.6877837884e-09, 5.5287482597e-10, -4.4072651858e-10, -2.6877837884e-09, 1.7232449628e-11, -4.7556109534e-10, 8.4389155092e-11, 5.5287482597e-10, 7.4608727561e-09, 8.4389155092e-11, 5.9744765848e-10, -4.4072651858e-10, -1.3759167344e-09, 5.5287482597e-10, -4.4072651858e-10, -2.6877837884e-09, 1.7232449628e-11, 7.4608727561e-09, -1.3759167344e-09, 1.7232449628e-11, 3.075652047e-09, -1.4736362121e-08, 1.5006963224e-08, 1.1913787405e-09, 8.4389155092e-11, 1.5006963224e-08, -1.3381090772e-08, 7.5441110194e-10, 5.9744765848e-10, 1.1913787405e-09, 7.5441110194e-10, -4.9647237803e-09, -4.4072651858e-10, 8.4389155092e-11, 5.9744765848e-10, -4.4072651858e-10, -1.3759167344e-09, 1.5006963224e-08, -1.3381090772e-08, 7.5441110194e-10, 5.9744765848e-10, -1.3381090772e-08, 2.7049234624e-08, -1.8238544906e-09, 2.8383821925e-09, 7.5441110194e-10, -1.8238544906e-09, 5.7004258435e-09, -1.2015767763e-09, 5.9744765848e-10, 2.8383821925e-09, -1.2015767763e-09, 5.2487085225e-09, 1.1913787405e-09, 7.5441110194e-10, -4.9647237803e-09, -4.4072651858e-10, 7.5441110194e-10, -1.8238544906e-09, 5.7004258435e-09, -1.2015767763e-09, -4.9647237803e-09, 5.7004258435e-09, 3.9246250485e-09, 5.1877498064e-10, -4.4072651858e-10, -1.2015767763e-09, 5.1877498064e-10, -6.2060779964e-10, 8.4389155092e-11, 5.9744765848e-10, -4.4072651858e-10, -1.3759167344e-09, 5.9744765848e-10, 2.8383821925e-09, -1.2015767763e-09, 5.2487085225e-09, -4.4072651858e-10, -1.2015767763e-09, 5.1877498064e-10, -6.2060779964e-10, -1.3759167344e-09, 5.2487085225e-09, -6.2060779964e-10, -1.7322512464e-09, 2.9080244388e-11, 1.1913787405e-09, 1.9287472266e-08, 5.5287482597e-10, 1.1913787405e-09, 7.5441110194e-10, -4.9647237803e-09, -4.4072651858e-10, 1.9287472266e-08, -4.9647237803e-09, -6.5695954763e-09, -2.6877837884e-09, 5.5287482597e-10, -4.4072651858e-10, -2.6877837884e-09, 1.7232449628e-11, 1.1913787405e-09, 7.5441110194e-10, -4.9647237803e-09, -4.4072651858e-10, 7.5441110194e-10, -1.8238544906e-09, 5.7004258435e-09, -1.2015767763e-09, -4.9647237803e-09, 5.7004258435e-09, 3.9246250485e-09, 5.1877498064e-10, -4.4072651858e-10, -1.2015767763e-09, 5.1877498064e-10, -6.2060779964e-10, 1.9287472266e-08, -4.9647237803e-09, -6.5695954763e-09, -2.6877837884e-09, -4.9647237803e-09, 5.7004258435e-09, 3.9246250485e-09, 5.1877498064e-10, -6.5695954763e-09, 3.9246250485e-09, 2.6747594667e-08, 3.4634457406e-10, -2.6877837884e-09, 5.1877498064e-10, 3.4634457406e-10, 4.2612202895e-09, 5.5287482597e-10, -4.4072651858e-10, -2.6877837884e-09, 1.7232449628e-11, -4.4072651858e-10, -1.2015767763e-09, 5.1877498064e-10, -6.2060779964e-10, -2.6877837884e-09, 5.1877498064e-10, 3.4634457406e-10, 4.2612202895e-09, 1.7232449628e-11, -6.2060779964e-10, 4.2612202895e-09, -5.2827599626e-10, -4.7556109534e-10, 8.4389155092e-11, 5.5287482597e-10, 7.4608727561e-09, 8.4389155092e-11, 5.9744765848e-10, -4.4072651858e-10, -1.3759167344e-09, 5.5287482597e-10, -4.4072651858e-10, -2.6877837884e-09, 1.7232449628e-11, 7.4608727561e-09, -1.3759167344e-09, 1.7232449628e-11, 3.075652047e-09, 8.4389155092e-11, 5.9744765848e-10, -4.4072651858e-10, -1.3759167344e-09, 5.9744765848e-10, 2.8383821925e-09, -1.2015767763e-09, 5.2487085225e-09, -4.4072651858e-10, -1.2015767763e-09, 5.1877498064e-10, -6.2060779964e-10, -1.3759167344e-09, 5.2487085225e-09, -6.2060779964e-10, -1.7322512464e-09, 5.5287482597e-10, -4.4072651858e-10, -2.6877837884e-09, 1.7232449628e-11, -4.4072651858e-10, -1.2015767763e-09, 5.1877498064e-10, -6.2060779964e-10, -2.6877837884e-09, 5.1877498064e-10, 3.4634457406e-10, 4.2612202895e-09, 1.7232449628e-11, -6.2060779964e-10, 4.2612202895e-09, -5.2827599626e-10, 7.4608727561e-09, -1.3759167344e-09, 1.7232449628e-11, 3.075652047e-09, -1.3759167344e-09, 5.2487085225e-09, -6.2060779964e-10, -1.7322512464e-09, 1.7232449628e-11, -6.2060779964e-10, 4.2612202895e-09, -5.2827599626e-10, 3.075652047e-09, -1.7322512464e-09, -5.2827599626e-10, 1.4012505384e-08],
  "m3_fm1": [-6.5240101588e-08, 2.40055279e-08, -9.7086406525e-09, -1.1392873419e-08, 2.40055279e-08, -1.0305784791e-08, 4.1680050361e-09, 4.891061013e-09, -9.7086406525e-09, 4.1680050361e-09, -1.6856810357e-09, -1.9781091248e-09, -1.1392873419e-08, 4.891061013e-09, -1.9781091248e-09, -2.3212669697e-09, 2.40055279e-08, -1.0305784791e-08, 4.1680050361e-09, 4.891061013e-09, -1.0305784791e-08, -9.5724250856e-08, -1.7893613126e-09, -2.0997756189e-09, 4.1680050361e-09, -1.7893613126e-09, 7.2367773181e-10, 8.4921968888e-10, 4.891061013e-09, -2.0997756189e-09, 8.4921968888e-10, 9.965403774e-10, -9.7086406525e-09, 4.1680050361e-09, -1.6856810357e-09, -1.9781091248e-09, 4.1680050361e-09, -1.7893613126e-09, 7.2367773181e-10, 8.4921968888e-10, -1.6856810357e-09, 7.2367773181e-10, 7.3359444334e-07, -3.4345292587e-10, -1.9781091248e-09, 8.4921968888e-10, -3.4345292587e-10, -4.030343536e-10, -1.1392873419e-08, 4.891061013e-09, -1.9781091248e-09, -2.3212669697e-09, 4.891061013e-09, -2.0997756189e-09, 8.4921968888e-10, 9.965403774e-10, -1.9781091248e-09, 8.4921968888e-10, -3.4345292587e-10, -4.030343536e-10, -2.3212669697e-09, 9.965403774e-10, -4.030343536e-10, -2.5911750131e-08],
  "m4_fm1": [5.1210337936e-08, -1.9523526268e-08, 7.8959688618e-09, 9.2657434732e-09, -1.9523526268e-08, 1.6387685494e-08, -3.1241608567e-09, -3.6661331337e-09, 7.8959688618e-09, -3.1241608567e-09, 1.2454586557e-08, 1.4827072051e-09, 9.2657434732e-09, -3.6661331337e-09, 1.4827072051e-09, 1.1700115091e-08, -1.9523526268e-08, 1.6387685494e-08, -3.1241608567e-09, -3.6661331337e-09, 1.6387685494e-08, -1.3062230106e-08, 2.6170728224e-09, 3.0710766275e-09, -3.1241608567e-09, 2.6170728224e-09, -4.7768049056e-09, -6.0947672787e-10, -3.6661331337e-09, 3.0710766275e-09, -6.0947672787e-10, -4.5043711268e-09, 7.8959688618e-09, -3.1241608567e-09, 1.2454586557e-08, 1.4827072051e-09, -3.1241608567e-09, 2.6170728224e-09, -4.7768049056e-09, -6.0947672787e-10, 1.2454586557e-08, -4.7768049056e-09, 5.3755938272e-09, 2.2670417356e-09, 1.4827072051e-09, -6.0947672787e-10, 2.2670417356e-09, 1.8217187649e-09, 9.2657434732e-09, -3.6661331337e-09, 1.4827072051e-09, 1.1700115091e-08, -3.6661331337e-09, 3.0710766275e-09, -6.0947672787e-10, -4.5043711268e-09, 1.4827072051e-09, -6.0947672787e-10, 2.2670417356e-09, 1.8217187649e-09, 1.1700115091e-08, -4.5043711268e-09, 1.8217187649e-09, 5.7343732268e-09, -1.9523526268e-08, 1.6387685494e-08, -3.1241608567e-09, -3.6661331337e-09, 1.6387685494e-08, -1.3062230106e-08, 2.6170728224e-09, 3.0710766275e-09, -3.1241608567e-09, 2.6170728224e-09, -4.7768049056e-09, -6.0947672787e-10, -3.6661331337e-09, 3.0710766275e-09, -6.0947672787e-10, -4.5043711268e-09, 1.6387685494e-08, -1.3062230106e-08, 2.6170728224e-09, 3.0710766275e-09, -1.3062230106e-08, 2.0229177667e-08, -2.2679543267e-09, -2.661393854e-09, 2.6170728224e-09, -2.2679543267e-09, 7.771161636e-09, 5.3322146895e-10, 3.0710766275e-09, -2.661393854e-09, 5.3322146895e-10, 7.1377367088e-09, -3.1241608567e-09, 2.6170728224e-09, -4.7768049056e-09, -6.0947672787e-10, 2.6170728224e-09, -2.2679543267e-09, 7.771161636e-09, 5.3322146895e-10, -4.7768049056e-09, 7.771161636e-09, -2.3077898283e-09, -9.732610063e-10, -6.0947672787e-10, 5.3322146895e-10, -9.732610063e-10, -7.8207992841e-10, -3.6661331337e-09, 3.0710766275e-09, -6.0947672787e-10, -4.5043711268e-09, 3.0710766275e-09, -2.661393854e-09, 5.3322146895e-10, 7.1377367088e-09, -6.0947672787e-10, 5.3322146895e-10, -9.732610063e-10, -7.8207992841e-10, -4.5043711268e-09, 7.1377367088e-09, -7.8207992841e-10, -2.461816988e-09, 7.8959688618e-09, -3.1241608567e-09, 1.2454586557e-08, 1.4827072051e-09, -3.1241608567e-09, 2.6170728224e-09, -4.7768049056e-09, -6.0947672787e-10, 1.2454586557e-08, -4.7768049056e-09, 5.3755938272e-09, 2.2670417356e-09, 1.4827072051e-09, -6.0947672787e-10, 2.2670417356e-09, 1.8217187649e-09, -3.1241608567e-09, 2.6170728224e-09, -4.7768049056e-09, -6.0947672787e-10, 2.6170728224e-09, -2.2679543267e-09, 7.771161636e-09, 5.3322146895e-10, -4.7768049056e-09, 7.771161636e-09, -2.3077898283e-09, -9.732610063e-10, -6.0947672787e-10, 5.3322146895e-10, -9.732610063e-10, -7.8207992841e-10, 1.2454586557e-08, -4.7768049056e-09, 5.3755938272e-09, 2.2670417356e-09, -4.7768049056e-09, 7.771161636e-09, -2.3077898283e-09, -9.732610063e-10, 5.3755938272e-09, -2.3077898283e-09, 3.4220583587e-08, 1.0952626203e-09, 2.2670417356e-09, -9.732610063e-10, 1.0952626203e-09, 7.038987919e-09, 1.4827072051e-09, -6.0947672787e-10, 2.2670417356e-09, 1.8217187649e-09, -6.0947672787e-10, 5.3322146895e-10, -9.732610063e-10, -7.8207992841e-10, 2.2670417356e-09, -9.732610063e-10, 1.0952626203e-09, 7.038987919e-09, 1.8217187649e-09, -7.8207992841e-10, 7.038987919e-09, 9.9564136177e-10, 9.2657434732e-09, -3.6661331337e-09, 1.4827072051e-09, 1.1700115091e-08, -3.6661331337e-09, 3.0710766275e-09, -6.0947672787e-10, -4.5043711268e-09, 1.4827072051e-09, -6.0947672787e-10, 2.2670417356e-09, 1.8217187649e-09, 1.1700115091e-08, -4.5043711268e-09, 1.8217187649e-09, 5.7343732268e-09, -3.6661331337e-09, 3.0710766275e-09, -6.0947672787e-10, -4.5043711268e-09, 3.0710766275e-09, -2.661393854e-09, 5.3322146895e-10, 7.1377367088e-09, -6.0947672787e-10, 5.3322146895e-10, -9.732610063e-10, -7.8207992841e-10, -4.5043711268e-09, 7.1377367088e-09, -7.8207992841e-10, -2.461816988e-09, 1.4827072051e-09, -6.0947672787e-10, 2.2670417356e-09, 1.8217187649e-09, -6.0947672787e-10, 5.3322146895e-10, -9.732610063e-10, -7.8207992841e-10, 2.2670417356e-09, -9.732610063e-10, 1.0952626203e-09, 7.038987919e-09, 1.8217187649e-09, -7.8207992841e-10, 7.038987919e-09, 9.9564136177e-10, 1.1700115091e-08, -4.5043711268e-09, 1.8217187649e-09, 5.7343732268e-09, -4.5043711268e-09, 7.1377367088e-09, -7.8207992841e-10, -2.461816988e-09, 1.8217187649e-09, -7.8207992841e-10, 7.038987919e-09, 9.9564136177e-10, 5.7343732268e-09, -2.461816988e-09, 9.9564136177e-10, 1.4339258518e-08],
  "m3_fm2": [-9.5308770772e-08, -1.5494594323e-08, -1.4832162127e-07, 4.5194514717e-08, -1.5494594323e-08, 3.8520205788e-09, -1.0387136481e-08, 3.3312401624e-10, -1.4832162127e-07, -1.0387136481e-08, -2.2934651171e-07, 6.2098598393e-08, 4.5194514717e-08, 3.3312401624e-10, 6.2098598393e-08, -1.5391889314e-08, -1.5494594323e-08, 3.8520205788e-09, -1.0387136481e-08, 3.3312401624e-10, 3.8520205788e-09, -6.2147271105e-08, 4.0844738251e-08, -1.7432751567e-08, -1.0387136481e-08, 4.0844738251e-08, 9.8217624124e-08, -4.7470469117e-08, 3.3312401624e-10, -1.7432751567e-08, -4.7470469117e-08, 2.1619368757e-08, -1.4832162127e-07, -1.0387136481e-08, -2.2934651171e-07, 6.2098598393e-08, -1.0387136481e-08, 4.0844738251e-08, 9.8217624124e-08, -4.7470469117e-08, -2.2934651171e-07, 9.8217624124e-08, -1.2199987494e-08, -4.642601075e-08, 6.2098598393e-08, -4.7470469117e-08, -4.642601075e-08, 3.8593126982e-08, 4.5194514717e-08, 3.3312401624e-10, 6.2098598393e-08, -1.5391889314e-08, 3.3312401624e-10, -1.7432751567e-08, -4.7470469117e-08, 2.1619368757e-08, 6.2098598393e-08, -4.7470469117e-08, -4.642601075e-08, 3.8593126982e-08, -1.5391889314e-08, 2.1619368757e-08, 3.8593126982e-08, 1.3193396518e-07],
  "m4_fm2": [5.136097219e-08, -1.9135419781e-08, 9.0582764205e-09, 8.7586127152e-09, -1.9135419781e-08, 1.6595874052e-08, 2.4003341707e-10, -5.0911772141e-09, 9.0582764205e-09, 2.4003341707e-10, 1.4039191334e-08, -3.0548413248e-09, 8.7586127152e-09, -5.0911772141e-09, -3.0548413248e-09, 1.2083436015e-08, -1.9135419781e-08, 1.6595874052e-08, 2.4003341707e-10, -5.0911772141e-09, 9.6665729248e-09, -1.3276810457e-08, 5.2770917426e-11, 4.2861698788e-09, 2.4003341707e-10, 5.2770917426e-11, -4.5379658257e-09, 1.7110004753e-09, -5.0911772141e-09, 4.2861698788e-09, 1.7110004753e-09, -5.2375864395e-09, 9.0582764205e-09, 2.4003341707e-10, 1.4039191334e-08, -3.0548413248e-09, 2.4003341707e-10, 5.2770917426e-11, -4.5379658257e-09, 1.7110004753e-09, 1.2159489552e-08, -4.5379658257e-09, 5.524294455e-09, 1.4410938182e-09, -3.0548413248e-09, 1.7110004753e-09, 1.4410938182e-09, 2.9510306279e-10, 8.7586127152e-09, -5.0911772141e-09, -3.0548413248e-09, 1.2083436015e-08, -5.0911772141e-09, 4.2861698788e-09, 1.7110004753e-09, -5.2375864395e-09, -3.0548413248e-09, 1.7110004753e-09, 1.4410938182e-09, 2.9510306279e-10, 4.6288175122e-09, -5.2375864395e-09, 2.9510306279e-10, 5.7446745069e-09, -1.9135419781e-08, 1.6151265433e-08, 2.4003341707e-10, -5.0911772141e-09, 1.6595874052e-08, -1.3276810457e-08, 5.2770917426e-11, 4.2861698788e-09, 2.4003341707e-10, 5.2770917426e-11, -4.5379658257e-09, 1.7110004753e-09, -5.0911772141e-09, 4.2861698788e-09, 1.7110004753e-09, -5.2375864395e-09, 1.6595874052e-08, -1.3276810457e-08, 5.2770917426e-11, 4.2861698788e-09, -1.3276810457e-08, 2.2879235146e-08, 4.1664397986e-09, -5.6396547982e-09, 5.2770917426e-11, 4.1664397986e-09, 8.4974614143e-09, -3.2029115638e-09, 4.2861698788e-09, -5.6396547982e-09, -3.2029115638e-09, 8.2196011261e-09, 2.4003341707e-10, 5.2770917426e-11, -4.5379658257e-09, 1.7110004753e-09, 5.2770917426e-11, 4.1664397986e-09, 8.4974614143e-09, -3.2029115638e-09, -4.5379658257e-09, 8.0317769321e-09, 3.6589539818e-09, -2.7428570404e-09, 1.7110004753e-09, -3.2029115638e-09, -2.7428570404e-09, 2.4482074008e-09, -5.0911772141e-09, 4.2861698788e-09, 1.7110004753e-09, -5.2375864395e-09, 4.2861698788e-09, -5.6396547982e-09, -3.2029115638e-09, 8.2196011261e-09, 1.7110004753e-09, -3.2029115638e-09, -2.7428570404e-09, 2.4482074008e-09, -5.2375864395e-09, 6.3727655321e-09, 2.4482074008e-09, -5.1325187244e-09, 9.0582764205e-09, 2.4003341707e-10, 1.2963038266e-08, -3.0548413248e-09, 2.4003341707e-10, 5.2770917426e-11, -4.5379658257e-09, 1.7110004753e-09, 1.4039191334e-08, -4.5379658257e-09, 5.524294455e-09, 1.4410938182e-09, -3.0548413248e-09, 1.7110004753e-09, 1.4410938182e-09, 2.9510306279e-10, 2.4003341707e-10, 5.2770917426e-11, -4.5379658257e-09, 1.7110004753e-09, 5.2770917426e-11, 4.1664397986e-09, 4.3422950353e-09, -3.2029115638e-09, -4.5379658257e-09, 8.4974614143e-09, 3.6589539818e-09, -2.7428570404e-09, 1.7110004753e-09, -3.2029115638e-09, -2.7428570404e-09, 2.4482074008e-09, 1.4039191334e-08, -4.5379658257e-09, 5.524294455e-09, 1.4410938182e-09, -4.5379658257e-09, 8.4974614143e-09, 3.6589539818e-09, -2.7428570404e-09, 5.524294455e-09, 3.6589539818e-09, 2.1606436732e-08, -6.3915038818e-09, 1.4410938182e-09, -2.7428570404e-09, -6.3915038818e-09, 8.4178841919e-09, -3.0548413248e-09, 1.7110004753e-09, 1.4410938182e-09, 2.9510306279e-10, 1.7110004753e-09, -3.2029115638e-09, -2.7428570404e-09, 2.4482074008e-09, 1.4410938182e-09, -2.7428570404e-09, -6.3915038818e-09, 8.4178841919e-09, 2.9510306279e-10, 2.4482074008e-09, 3.9477104183e-09, -6.3319894841e-09, 8.7586127152e-09, -5.0911772141e-09, -3.0548413248e-09, 1.181409288e-08, -5.0911772141e-09, 4.2861698788e-09, 1.7110004753e-09, -5.2375864395e-09, -3.0548413248e-09, 1.7110004753e-09, 1.4410938182e-09, 2.9510306279e-10, 1.2083436015e-08, -5.2375864395e-09, 2.9510306279e-10, 5.7446745069e-09, -5.0911772141e-09, 4.2861698788e-09, 1.7110004753e-09, -5.2375864395e-09, 4.2861698788e-09, -5.6396547982e-09, -3.2029115638e-09, 7.1796323972e-09, 1.7110004753e-09, -3.2029115638e-09, -2.7428570404e-09, 2.4482074008e-09, -5.2375864395e-09, 8.2196011261e-09, 2.4482074008e-09, -5.1325187244e-09, -3.0548413248e-09, 1.7110004753e-09, 1.4410938182e-09, 2.9510306279e-10, 1.7110004753e-09, -3.2029115638e-09, -2.7428570404e-09, 2.4482074008e-09, 1.4410938182e-09, -2.7428570404e-09, -6.3915038818e-09, 8.1357733358e-09, 2.9510306279e-10, 2.4482074008e-09, 8.4178841919e-09, -6.3319894841e-09, 1.2083436015e-08, -5.2375864395e-09, 2.9510306279e-10, 5.7446745069e-09, -5.2375864395e-09, 8.2196011261e-09, 2.4482074008e-09, -5.1325187244e-09, 2.9510306279e-10, 2.4482074008e-09, 8.4178841919e-09, -6.3319894841e-09, 5.7446745069e-09, -5.1325187244e-09, -6.3319894841e-09, 1.7246397124e-08]
}
