{"dataset":["edhec_full"],"input_R":[[0.0119,0.0393,0.0178,0.0791,0.0189,0.0213,0.0191,0.0573,0.0281,0.015,0.018,-0.0166,0.0317],[0.0123,0.0298,0.0122,0.0525,0.0101,0.0084,0.0122,0.0175,-0.0006,0.0034,0.0118,0.0426,0.0106],[0.0078,-0.0021,-0.0012,-0.012,0.0016,-0.0023,0.0109,-0.0119,-0.0084,0.006,0.001,0.0778,-0.0077],[0.0086,-0.017,0.003,0.0119,0.0119,-0.0005,0.013,0.0172,0.0084,-0.0001,0.0122,-0.0129,0.0009],[0.0156,-0.0015,0.0233,0.0315,0.0189,0.0346,0.0118,0.0108,0.0394,0.0197,0.0173,-0.0737,0.0275],[0.0212,0.0085,0.0217,0.0581,0.0165,0.0258,0.0108,0.0218,0.0223,0.0231,0.0198,-0.0065,0.0225],[0.0193,0.0591,0.0234,0.056,0.0247,0.0307,0.0095,0.0738,0.0454,0.02,0.0181,-0.0429,0.0435],[0.0134,-0.0473,0.0147,-0.0066,0.0017,0.0071,0.0087,-0.018,0.0107,0.0079,0.0103,-0.0072,0.0051],[0.0122,0.0198,0.035,0.0229,0.0202,0.0329,0.0119,0.029,0.0429,0.0197,0.0183,-0.0155,0.0334],[0.01,-0.0098,-0.0064,-0.0572,0.0095,0.0061,-0.0032,-0.0142,0.001,0.0094,0.0079,0.0572,-0.0099],[0,0.0133,0.0054,-0.0378,0.0041,0.0134,0.0053,0.0106,-0.0026,0.0223,0.0111,0.0217,-0.0034],[0.0068,0.0286,0.0073,0.016,0.0066,0.0154,0.0079,0.0264,0.0104,0.0158,0.0082,0.0161,0.0089],[0.0145,0.0104,0.0095,-0.0429,0.006,0.0055,-0.0026,-0.005,0.0013,0.0055,0.0132,0.0014,-0.0036],[0.0146,-0.0065,0.0227,0.0339,0.0135,0.0294,0.0098,0.0128,0.0342,0.0212,0.013,0.0155,0.0256],[0.0144,0.0122,0.0252,0.0318,0.0179,0.0263,0.0128,0.057,0.0336,0.0164,0.0145,0.0637,0.0373],[0.0126,-0.0296,0.0165,0.0041,0.0067,0.0104,0.0075,0.0034,0.012,0.0139,0.0145,0.0657,0.0125],[0.0056,0.0193,0.0006,-0.0825,0.008,-0.0083,0.004,0.0095,-0.0087,-0.0009,0.0053,0.1437,-0.0072],[-0.0006,0.0051,-0.0047,-0.0422,0.0108,0.0002,-0.008,0.012,0.0167,0.0072,0.0026,-0.0053,0.0021],[0.006,-0.001,-0.0069,0.0019,0.0012,-0.0037,0.0106,0.0058,-0.0006,0.0007,0.0011,0.0343,-0.0007],[-0.0319,0.0691,-0.0836,-0.1922,-0.0107,-0.0886,-0.0143,-0.0263,-0.0552,-0.0544,-0.0341,0.2463,-0.0616],[-0.0196,0.0454,-0.0215,-0.0395,0.0061,-0.011,-0.0362,-0.0059,0.0206,0.0076,0.0005,-0.0376,-0.0037],[-0.0214,0.0004,-0.0029,0.014,0.0052,0.0091,-0.0801,-0.0223,0.0169,0.0159,-0.014,-0.1077,-0.0002],[0.0269,-0.0089,0.0164,0.043,0.0158,0.0244,0.0052,0.0194,0.0291,0.022,0.0198,-0.0756,0.022],[0.0113,0.0221,0.0108,-0.0098,0.0209,0.0219,0.012,0.0233,0.0408,0.0224,0.0164,-0.0531,0.0222],[0.0219,-0.0167,0.0181,-0.012,0.0101,0.0201,0.0158,0.0086,0.0258,0.0112,0.0195,-0.0665,0.0202],[0.0082,0.0197,-0.0021,0.0102,0.0023,-0.0042,0.0208,-0.0111,-0.0169,0.0036,0.0085,0.0833,-0.0063],[0.0136,-0.0065,0.0159,0.0585,0.0033,0.0193,0.016,0.0024,0.0229,0.0133,0.0116,-0.0154,0.0213],[0.0243,0.021,0.0418,0.063,0.0107,0.0429,0.0106,0.0329,0.0312,0.0218,0.0238,-0.0375,0.04],[0.0166,-0.015,0.0207,0.0061,0.0089,0.0215,0.0072,-0.0055,0.0095,0.021,0.0146,0.0009,0.0119],[0.0102,0.0234,0.0273,0.0654,0.0168,0.0297,0.0088,0.0214,0.0315,0.0222,0.0148,-0.0412,0.0282],[0.0101,-0.0051,0.0084,-0.0061,0.0135,0.0096,0.0051,-0.0018,0.0177,0.0147,0.011,0.0092,0.0088],[0.0048,-0.0027,0.002,-0.0147,0.0095,-0.0027,-0.0028,-0.0061,0.0022,0.005,0.0062,0.0468,0.0028],[0.0096,0.0064,-0.0041,-0.0069,0.0095,0.009,0.0092,-0.0002,0.0113,0.0116,0.0105,0.0401,0.0052],[0.0045,-0.0354,0.0027,0.0288,0.0066,0.0054,0.0087,0.0073,0.0212,0.0096,0.007,-0.013,0.013],[0.0124,0.0166,0.022,0.0692,0.0133,0.0284,0.0106,0.0405,0.0481,0.0237,0.0137,-0.1239,0.0483],[0.014,0.0142,0.03,0.123,0.0198,0.0286,0.0097,0.0612,0.0745,0.009,0.0183,-0.1137,0.0622],[0.0227,0.0128,0.0088,0.0077,0.0075,0.0088,0.0041,0.0021,0.0075,0.0143,0.0173,0.0427,0.0169],[0.0267,-0.0022,0.0421,0.0528,0.0253,0.0346,0.0097,0.0408,0.0699,0.0239,0.0185,-0.134,0.0666],[0.0243,-0.0138,0.0103,0.0318,0.0134,0.0069,-0.0061,-0.0104,0.0006,0.0131,0.0163,-0.023,0.0039],[0.0223,-0.0241,-0.0101,-0.0541,0.0168,-0.0059,-0.0006,-0.0304,-0.0201,0.0188,0.0092,0.1028,-0.0269],[0.0149,0.0114,-0.0132,-0.0433,0.0062,-0.0034,0.0107,-0.007,-0.0097,0.0146,0.008,0.0704,-0.0122],[0.0179,-0.0124,0.0203,0.0334,0.0171,0.0268,0.0058,0.0154,0.0349,0.0167,0.0176,-0.1107,0.0311],[0.0093,-0.0131,0.0064,0.0025,0.0063,0.0057,0.0018,0.0037,0.0006,0.0116,0.0084,0.0553,-0.0022],[0.0162,0.0189,0.014,0.0368,0.021,0.0173,0.0107,0.0248,0.0345,0.0157,0.0157,-0.1135,0.0267],[0.0141,-0.0208,-0.0019,-0.0462,0.0058,0.0048,0.0076,-0.0149,-0.0016,0.0137,0.0075,0.1204,-0.0069],[0.0052,0.0075,-0.0073,-0.0256,0.004,-0.0068,0.0006,-0.0024,-0.0084,0.0026,-0.0004,0.0784,-0.0104],[-0.0081,0.0425,-0.0209,-0.0385,0.0045,-0.0136,0.0066,0.0125,-0.0153,0.0102,0.0006,0.1657,-0.0205],[-0.0002,0.0682,0.0001,0.0116,0.016,0.0127,0.0048,0.0472,0.0248,0.0125,0.0075,0.0063,0.0133],[0.0344,0.0025,0.0308,0.0586,0.0075,0.0298,0.0163,0.0214,0.0165,0.0111,0.0333,-0.0271,0.0223],[0.0182,-0.0016,0.01,-0.0221,0.012,0.0045,0.0054,-0.0072,-0.0264,0.0054,0.003,0.1021,-0.0089],[0.0162,0.0438,-0.0037,-0.0175,0.0108,-0.0042,0.0051,0.0038,-0.0199,-0.0061,-0.0011,0.062,-0.0068],[0.0157,-0.0362,0.0048,0.0114,0.0075,0.011,0.0094,0.0049,0.0246,0.0058,0.0174,-0.0991,0.0104],[0.0033,0.0081,0.0235,0.0278,0.0077,0.0185,0.0068,0.0032,0.0043,0.0161,0.0141,-0.013,0.008],[0.0012,-0.0077,0.036,0.016,0.0017,0.0063,0.0017,0.0017,0.0019,-0.0087,0.0019,0.011,0.0013],[0.0091,-0.004,0.0073,-0.0286,0.0031,0.0049,0.0054,-0.004,-0.0144,0.0079,0.001,0.0353,-0.004],[0.0142,0.0153,0.0106,0.003,0.0094,0.009,0.0105,0.0006,-0.0096,0.0099,-0.0031,0.0752,0.0019],[0.0078,0.0246,-0.0014,-0.0425,0.0023,-0.0254,-0.0013,-0.007,-0.0348,-0.0267,-0.0221,0.0941,-0.0142],[0.0117,0.0336,0.0103,0.0278,0.0058,0.0148,0.0134,0.0208,0.0099,0.0085,0.0164,-0.0298,0.0095],[0.008,-0.0543,0.0086,0.0483,0.0055,0.0105,-0.0024,0.0021,0.02,0.0014,0.0136,-0.0655,0.0058],[-0.0094,0.0148,0.0015,0.0421,0.0056,0.0107,0.0053,0.0138,0.018,0.0045,0.0097,-0.0251,0.0099],[0.0148,-0.0072,0.0186,0.0273,0.0065,0.0078,0.0086,0.0069,-0.0037,0.0077,0.0097,0.0343,0.003],[-0.0049,-0.0202,-0.0033,0.0181,-0.0007,-0.0071,0.0056,-0.0035,-0.0123,-0.0044,-0.0011,0.039,-0.0015],[0.0053,0.0009,0.0052,0.0331,0.0047,0.0153,0.0045,0.0064,0.0155,0.0073,0.0145,-0.0446,0.009],[0.0096,-0.0104,0.0139,0.0144,0.0076,0.0046,0.0113,0.0098,-0.0042,-0.0013,0.007,0.0483,0.0052],[0.0033,0.027,0.0091,0.0001,0.0053,0.0001,0.0099,0.0123,-0.0034,0,0.0031,0.0346,0.005],[0.0004,0.0655,-0.0117,-0.0292,0.0022,-0.0283,0.0069,-0.0022,-0.0249,-0.017,-0.0107,0.0548,-0.0095],[-0.0159,0.0413,-0.0133,-0.0309,-0.0013,-0.03,0.0057,-0.0078,-0.0389,-0.0174,-0.0185,0.0644,-0.014],[0.005,0.022,0.0009,0.0119,0.0069,0.006,0.0097,0.0063,0.0041,0.0061,0.0058,0.0015,0.0037],[0.0146,0.0284,-0.0044,-0.0252,0.0015,-0.007,-0.0033,0.0054,-0.016,-0.0028,-0.011,0.0731,-0.0033],[0.0104,-0.0376,-0.0031,0.0154,0.0016,0.0031,-0.0063,-0.0086,0.0123,0.0032,0.0084,-0.0405,-0.0031],[0.0251,-0.0164,0.0239,0.019,0.0025,0.0216,0.0054,0.0047,0.0224,0.0054,0.0185,-0.0547,0.0106],[0.0157,0.0489,0.0222,0.0048,0.0094,0.0044,0.0153,0.0192,-0.0149,0.0046,0.0023,0.0443,0.0077],[0.0283,0.0441,0.0243,0.0012,0.0083,0.0154,0.0106,0.0182,0.0005,0.004,0.0067,0.0162,0.0072],[0.0133,0.0402,0.0092,0.0084,0.0024,0.0026,0.0079,0.0166,-0.0037,0.0018,-0.0004,0.013,0.0031],[0.0089,-0.0445,0.0113,0.0019,0.0015,0.0083,0.0019,-0.0122,0.002,-0.0007,0.0049,-0.0075,-0.0004],[0.015,0.0065,0.0345,0.045,0.0031,0.0272,0.0091,0.0117,0.0298,0.0099,0.0186,-0.0656,0.0134],[0.0136,0.049,0.027,0.0433,0.0107,0.0301,0.0207,0.0397,0.0362,0.0154,0.0212,-0.0499,0.0205],[-0.0058,-0.0192,0.0267,0.0268,0.0034,0.0181,0.0044,0.0056,0.0128,0.0048,0.0071,-0.0162,0.0068],[-0.0072,-0.0171,0.0117,0.0104,-0.0006,0.0119,-0.0092,-0.0035,0.0118,0.0053,0.0041,-0.0361,0.0025],[-0.0087,0.0078,0.0137,0.0374,0.0031,0.0133,0.0043,0.0202,0.0179,0.007,0.0058,-0.0354,0.0078],[0.0171,-0.0019,0.0242,0.0264,0.0078,0.0133,0.0105,0.0215,0.0094,0.0077,0.0086,0.0136,0.0121],[0.0146,0.0104,0.0267,0.0259,0.0115,0.0191,0.0035,0.0111,0.0299,0.0111,0.0159,-0.0656,0.0152],[0.0092,0.0018,0.0154,0.0096,0.0046,0.0116,0.0069,0.0031,0.013,0.0044,0.0102,-0.0136,0.007],[0.0054,0.0381,0.0198,0.0403,0.0054,0.0172,0.0101,0.0293,0.0191,0.0098,0.0127,-0.0178,0.0139],[0.0119,0.0199,0.0301,0.0251,0.0109,0.0234,0.0092,0.0117,0.0192,0.0097,0.0146,-0.009,0.0156],[0.0017,0.0529,0.0075,0.0253,0.0063,0.0113,0.0084,0.015,0.0123,0.0051,0.0057,0.0018,0.0111],[0.0061,-0.0051,0.0046,0.0172,0.0032,0.0016,0.0003,0.0064,0.0041,0.0017,0.0038,-0.0148,0.0043],[0.002,-0.0532,0.0093,-0.0252,-0.0082,0.0002,0.0062,-0.0178,-0.0165,-0.0039,-0.0045,0.0384,-0.0068],[-0.0128,-0.0118,-0.001,-0.0181,0.0024,-0.0023,0.004,-0.0081,-0.0035,0,-0.0037,-0.0024,-0.0082],[-0.0106,-0.0316,0.0202,0.002,0.0042,0.0113,0.0055,-0.0019,0.0091,0.0017,0.0022,-0.0051,0.0034],[0.0013,-0.0119,0.0019,-0.0027,0.0006,-0.0082,0.0062,-0.0014,-0.0154,-0.0092,0.0007,0.0638,-0.0049],[0.004,-0.0084,0.0088,0.0133,-0.0009,0.0035,0.0036,-0.0039,-0.0022,0.0011,0.0031,0.0126,-0.001],[-0.0017,0.022,0.0104,0.028,0.0085,0.0103,0.0012,0.0008,0.021,0.0042,0.0052,-0.0216,0.0099],[-0.0044,0.0358,0.0143,0.0185,-0.0005,0.0124,0.0028,0.0138,0.0074,0.0074,0.004,-0.0092,0.0068],[0.0081,0.0475,0.0337,0.0328,0.014,0.0306,0.0075,0.028,0.0308,0.0164,0.0149,-0.0574,0.0244],[0.0056,0,0.0266,0.0201,0.0058,0.0244,0.006,0.0033,0.0178,0.0133,0.0099,-0.0391,0.0145],[-0.0096,-0.0438,0.0037,0.0143,0.0081,0.0004,0.0044,-0.0047,-0.0017,0,0.0012,0.0387,0.0006],[-0.0058,0.0005,0.0134,0.0346,0.008,0.0144,0.0085,0.0171,0.021,0.0065,0.0081,0.0118,0.0136],[-0.014,-0.0006,0.0032,-0.0197,0.0019,-0.0004,0.0024,-0.0027,-0.0096,0.0032,-0.0042,0.0244,-0.0044],[-0.0316,-0.0354,-0.0052,-0.0049,-0.003,-0.0128,-0.0003,-0.008,-0.0184,-0.0105,-0.0108,0.0393,-0.0141],[-0.0133,0.0232,0.0006,0.0072,0.0047,0.0065,-0.001,0.0088,0.0115,0.0095,-0.0002,-0.0475,0.0018],[0.0107,0.026,0.0133,0.016,0.0081,0.0133,0.001,0.0116,0.0195,0.0085,0.0095,-0.0032,0.0131],[0.0164,-0.0013,0.0173,0.0257,0.0078,0.0215,0.0081,0.0119,0.0265,0.0115,0.0149,-0.0242,0.0134],[0.0066,0.01,0.0124,0.0152,0.0062,0.0092,0.0036,0.0083,0.0097,0.0061,0.0053,0.0259,0.0079],[0.0142,0.0079,0.0112,0.0402,0.0087,0.01,0.0062,0.0269,0.0222,0.0035,0.0122,0.0198,0.0147],[-0.0015,-0.0092,-0.0032,-0.023,0.0001,-0.0173,0.0057,-0.0074,-0.0174,-0.0145,-0.0038,0.0233,-0.0149],[0.0004,0.0379,0.01,0.0279,0.0061,0.0125,0.0015,0.0164,0.0211,0.0112,0.0067,-0.03,0.016],[0.0092,-0.0153,0.0122,0.0284,0.0068,0.0142,0.0054,0.0135,0.0249,0.0138,0.0126,-0.0035,0.0191],[0.025,0.0174,0.0253,0.0526,0.0115,0.0341,0.0093,0.0258,0.0381,0.0272,0.0238,-0.0288,0.0286],[0.0116,-0.0186,0.0065,0.0161,0.0046,0.0051,0.0041,0.0002,0.0016,0.0104,0.0073,0.0064,0.0037],[0.0107,0.0284,0.0172,0.0122,0.0098,0.0185,0.0055,0.0094,0.0238,0.0144,0.0157,-0.0139,0.0164],[0.0064,0.0387,0.0193,0.0365,0.0102,0.0164,0.0121,0.0238,0.0172,0.0119,0.0126,-0.0012,0.0171],[0.0091,-0.0146,0.0086,-0.0389,0.0002,0.0008,0.0059,-0.0155,-0.0248,0.0009,-0.0025,0.0246,-0.0133],[0.0012,-0.0142,-0.0015,-0.0097,0.0063,0.0012,0.0036,-0.0015,-0.0062,0.0087,0.0021,0.0118,-0.0028],[0.0066,-0.0216,0.0009,0.0067,0.0051,-0.0011,0.0064,0.0006,-0.0031,0.0058,0.0017,0.0173,-0.0005],[0.0098,0.002,0.0099,0.0133,-0.0009,0.0112,0.0037,-0.0039,0.0114,0.0053,0.0092,-0.0156,0.0066],[0.0093,-0.0055,0.0033,0.0011,0.0009,0.0035,0.0014,-0.0067,0.0005,0.0041,0.004,-0.0236,-0.0003],[0.0054,0.0102,0.0194,0.0257,0.0065,0.0206,0.0067,0.0097,0.0194,0.0132,0.0132,-0.038,0.0163],[0.0092,0.0226,0.0179,0.0323,0.0075,0.0182,0.006,0.0199,0.02,0.0142,0.0129,-0.0268,0.0185],[0.0127,0.0146,0.0165,0.0291,0.0107,0.0168,0.0072,0.0116,0.0153,0.0133,0.0128,0.0039,0.0175],[0.013,0.0113,0.015,0.0079,0.0083,0.0201,0.0069,0.0061,0.0121,0.0191,0.0135,-0.0107,0.0121],[0.0117,-0.0144,0.0145,0.01,0.0051,0.0207,0.0106,0.0018,0.0082,0.0255,0.0114,0.0028,0.0096],[0.006,-0.0141,0.0108,0.0185,0.0101,0.0146,0.006,0.0027,0.0115,0.0063,0.0081,-0.0051,0.0096],[0.0026,0.0241,0.0164,0.0255,0.0089,0.0197,0.0071,0.0152,0.0198,0.016,0.0134,-0.0265,0.0163],[0.011,0.023,0.018,0.027,0.0121,0.0213,0.0055,0.0192,0.0224,0.0171,0.0156,-0.0199,0.0204],[0.0011,0.0229,0.0027,0.0236,0.0077,-0.0007,0.0048,0.0107,0.0077,-0.0053,0.01,0.0236,0.0082],[-0.0053,-0.0122,-0.0056,0.0275,0.0051,-0.0032,0.0007,0.0116,0.0009,-0.0054,0.0004,0.0486,0.0041],[-0.0145,-0.028,-0.0118,-0.0274,-0.0094,-0.0144,-0.0048,-0.0116,-0.016,0.0001,-0.0077,0.0092,-0.0222],[0.0161,0.0469,0.0095,0.0428,0.0123,0.0134,0.0164,0.033,0.0256,0.0131,0.0153,-0.0207,0.0199],[0.0177,0.028,0.0175,0.0485,0.0168,0.0214,0.0114,0.0304,0.0281,0.0191,0.02,-0.0026,0.0303],[-0.0131,-0.0016,-0.0169,-0.0237,-0.0018,-0.0202,-0.0094,-0.0063,-0.0225,-0.0149,-0.0112,0.0719,-0.0148],[-0.0077,0.0117,0.0002,0.013,0.0054,0.0007,0.0036,0.0104,0.0043,-0.0025,0.0022,0.0056,0.004],[-0.0009,0.0255,-0.0233,-0.0503,-0.0112,-0.0271,-0.0012,-0.001,-0.04,-0.0126,-0.0118,0.0556,-0.0272],[-0.0083,0.062,0.0014,0.028,0.012,0.0084,-0.0049,0.0312,0.014,0.006,0.0064,0.03,0.0142],[-0.0317,-0.0056,-0.0126,-0.0379,-0.0049,-0.0168,-0.0306,-0.0169,-0.0236,-0.0045,-0.0162,0.0192,-0.0262],[0.0076,-0.0078,0.0088,0.019,0.0059,0.0118,0.0187,0.0078,0.0223,0.0149,0.013,-0.0461,0.0097],[0.0107,0.0162,0.0137,0.0163,0.0126,0.0176,0.0103,0.0114,0.0227,0.0136,0.0159,-0.0142,0.0172],[-0.0081,0.033,-0.0031,-0.0274,0.0156,-0.0113,-0.0027,0.003,-0.0164,-0.0109,-0.0084,0.0751,-0.0068],[-0.0188,-0.0333,-0.0182,-0.033,-0.01,-0.0166,-0.0023,-0.0213,-0.0261,0.0011,-0.0125,0.0072,-0.0264],[-0.0066,-0.0114,-0.0072,-0.0336,-0.0135,-0.0025,-0.0003,-0.0133,-0.0146,0.0051,-0.0023,-0.0215,-0.0156],[-0.1027,0.001,-0.0518,-0.0982,-0.0285,-0.0627,-0.0506,-0.0313,-0.0675,-0.0276,-0.0538,0.0378,-0.0618],[-0.1237,0.0345,-0.0775,-0.1331,-0.0044,-0.0625,-0.0867,-0.0157,-0.0629,-0.0245,-0.0692,0.117,-0.06],[-0.0276,0.0214,-0.0435,-0.0391,-0.0587,-0.0301,-0.0308,0.0033,-0.0188,0.0006,-0.0209,0.0428,-0.0192],[0.0177,0.014,-0.0197,-0.001,0.0005,-0.0071,-0.0035,0.0118,0.0081,0.0162,0.0031,-0.0146,-0.0119],[0.0491,-0.0016,0.0082,-0.0112,0.0079,0.0132,0.0112,0.0029,-0.0017,0.0056,0.01,0.0282,0.006],[0.0164,-0.0031,-0.0122,-0.0133,-0.0046,-0.0091,0.0065,-0.0055,-0.0161,0.0006,-0.0016,0.0328,-0.0037],[0.0235,-0.018,0.0022,0.035,0.0021,0.0117,0.0057,0.0048,0.0188,0.0125,0.01,-0.0462,0.0008],[0.05,-0.014,0.0387,0.0663,-0.0012,0.0337,0.0221,0.0127,0.0375,0.0081,0.0342,-0.082,0.0092],[0.0578,0.0213,0.0504,0.0884,0.0146,0.0442,0.0365,0.0348,0.0516,0.0107,0.0392,0.0008,0.0312],[0.0241,-0.0147,0.0198,0.0013,0.0036,0.0123,0.0126,-0.0076,0.0009,0.0104,0.0101,-0.0094,0.0024],[0.0611,-0.0012,0.0311,0.0451,0.0042,0.0291,0.0322,0.0166,0.0277,0.0068,0.026,-0.0596,0.0153],[0.0315,0.0054,0.0244,0.0166,0.007,0.0207,0.0202,0.005,0.0157,0.0102,0.0162,-0.0165,0.0113],[0.0368,0.0151,0.041,0.0536,0.0085,0.0336,0.0325,0.0231,0.0285,0.011,0.022,-0.0394,0.0171],[0.0119,-0.0147,0.0139,0.0108,-0.0005,0.0043,0.0185,-0.0004,-0.0086,0.0026,0.0032,0.0314,-0.0021],[0.008,0.0332,0.0202,0.0151,0.0009,0.0152,0.0096,0.0165,0.013,0.0068,0.0089,-0.0227,0.0082],[0.0215,-0.0253,0.0324,0.0229,0.0072,0.0235,0.0141,-0.0028,0.0186,0.0102,0.0161,-0.0373,0.0066],[0.0053,-0.0278,0.0187,-0.0078,0.0028,0.0077,0.0172,-0.0084,-0.0095,0.0048,0.006,0.0183,-0.0036],[0.0036,0.009,0.0031,-0.0019,0.005,0.0076,0.0023,0.0047,0.0084,0.0057,0.0057,-0.0261,0.0013],[0.0229,0.0275,0.0336,0.0421,0.0077,0.0273,0.0136,0.0171,0.0287,0.0109,0.0179,-0.0496,0.0171],[0.0199,0.01,0.0251,0.0133,0.0018,0.0164,0.0113,0.0076,0.01,0.0038,0.0122,-0.0287,0.0085],[-0.0244,-0.0248,-0.025,-0.048,-0.005,-0.0257,-0.0102,-0.0128,-0.0371,-0.0115,-0.0186,0.0445,-0.0272],[0.0017,0.0011,-0.0105,-0.0039,-0.0045,-0.0106,0.0078,-0.0023,-0.0161,0.0023,-0.0034,0.0419,-0.0079],[0.0227,-0.008,0.0143,0.0296,0.009,0.017,0.01,0.0033,0.0191,0.0127,0.0174,-0.0426,0.0069],[0.0121,0.031,-0.0049,0.0028,-0.0044,-0.0032,0.0088,0.0108,-0.0096,0.007,0.0031,0.0389,0.0006],[0.0189,0.0267,0.0217,0.0429,0.016,0.0272,0.0132,0.0263,0.0408,0.0134,0.0215,-0.0826,0.0219],[0.0214,0.0311,0.0206,0.0232,0.0105,0.0187,0.0107,0.0159,0.0208,0.0047,0.0149,-0.0179,0.0148],[-0.0012,-0.0224,0.0065,-0.0049,0.0044,0.0028,0.0056,-0.0047,0.0066,-0.0025,0.0037,-0.0162,-0.0009],[0.0145,0.0436,0.0311,0.0226,0.0094,0.026,0.0055,0.025,0.0342,0.0116,0.0157,-0.0507,0.0205],[0.0181,-0.0063,0.0173,-0.0065,0.0056,0.0141,0.0181,-0.0055,0.0052,0.0093,0.0097,-0.0076,0.0013],[0.0162,0.0177,0.0144,0.0011,0.0059,0.0129,0.0103,0.0095,0.0139,0.0062,0.0112,-0.0314,0.0083],[0.0038,-0.0164,0.0043,0.0154,0.008,0.002,0.0022,-0.0028,0.0021,0.0031,0.0034,-0.017,-0.0018],[0.002,0.0367,0.0129,0.014,0.0105,0.0114,0.0097,0.0211,0.0139,0.0089,0.0072,-0.0197,0.0114],[-0.0017,-0.0339,-0.0014,-0.0191,-0.0037,-0.0052,0.0033,-0.015,-0.0108,-0.0011,-0.0005,0.0134,-0.0116],[-0.0091,-0.0239,-0.0068,-0.01,-0.0014,-0.0138,-0.001,-0.013,-0.0117,-0.0014,-0.0056,0.027,-0.0138],[-0.0033,0.0258,-0.0015,0.0077,-0.0003,-0.003,0.0018,0.0129,-0.003,-0.0049,-0.0006,0.0199,0.0034],[-0.0195,0.0007,-0.0402,-0.039,-0.0161,-0.0401,-0.0085,-0.0063,-0.0421,-0.0119,-0.02,0.0669,-0.0252],[-0.019,-0.0057,-0.037,-0.0695,-0.0159,-0.0341,-0.0048,-0.0142,-0.0461,-0.0102,-0.0197,0.0777,-0.0262],[0.0129,-0.0317,0.0237,0.0365,0.0161,0.0298,0.0063,0.0053,0.039,0.0172,0.0147,-0.0721,0.0094],[-0.0094,0.0014,-0.0108,-0.0272,0.0002,-0.0058,-0.0034,-0.0066,-0.0131,0.0017,-0.0024,0.0131,-0.0093],[0.0029,0.0034,0.005,-0.0181,0.0006,-0.0034,0.0045,-0.0022,-0.0056,0.0056,0.0012,0.0041,-0.0054],[0.0236,0.0046,0.0324,0.0395,0.0095,0.0288,0.0116,0.019,0.0327,0.0095,0.0202,-0.0679,0.0147],[0.0218,0.0091,0.0202,0.0341,0.0071,0.017,0.0119,0.0134,0.0248,0.0111,0.0172,-0.0522,0.014],[0.0065,-0.0204,0.0091,-0.0133,0.0023,0.0058,0.0061,-0.0061,0.0033,0.0024,0.0055,-0.0123,0.0001],[-0.0017,-0.0003,-0.0012,-0.0027,-0.0013,-0.0018,0.0034,-0.0059,-0.0068,-0.0011,-0.002,0.0057,-0.0033],[-0.0077,0.0259,-0.0186,-0.0531,-0.0115,-0.0191,-0.0003,-0.0067,-0.0375,-0.0048,-0.01,0.0677,-0.014],[0.0072,-0.0272,-0.0009,0.0026,0.0006,0.0007,0.0046,-0.0063,0.006,0.0023,0.007,-0.0258,-0.0037],[0.0092,0.0312,0.0089,0.0081,0.0041,0.0048,0.0125,0.0144,0.0039,0.0006,0.0117,0.0087,0.0076],[0.0076,-0.0082,0.0161,0.0075,0.0049,0.0129,0.0082,0.0037,0.0108,0.0044,0.0095,-0.0367,0.0068],[0.0057,-0.0104,0.0169,0.0273,0.0043,0.012,0.0076,0.0051,0.0157,0.0006,0.0102,-0.0385,0.0073],[0.0017,-0.031,0.0118,0.0028,0.0028,0.0048,0.0058,-0.0083,0.0009,-0.0079,0.003,0.0005,-0.0025],[0.0041,-0.0004,0.0082,0.0131,0.0037,0.008,0.0054,0.0027,0.0052,0.01,0.0056,-0.015,0.0046],[0.0098,0.0057,0.0259,0.033,0.0037,0.0193,0.0073,0.0111,0.0145,0.0145,0.0117,-0.0387,0.0108],[0.0158,0.0186,0.0219,0.0303,0.0135,0.0214,0.0116,0.0165,0.0308,-0.0016,0.0204,-0.0452,0.0206],[0.0009,-0.0099,0.0052,-0.0012,0.0033,0.0041,0.0056,-0.0012,0.0037,0.0039,0.0047,-0.0035,0.0032],[0.0077,0.0089,0.0149,0.0068,0.0035,0.0143,0.0113,0.0064,0.0144,0.0069,0.013,-0.0189,0.0093],[0.0052,0.0192,0.0175,0.0063,0.0008,0.0078,0.005,0.0114,0.0064,0.0061,0.0055,-0.0286,0.0076],[0.0134,-0.0261,0.0223,0.0033,0.0024,0.0187,0.005,-0.0023,0.0135,0.0059,0.0101,-0.0245,0.0067],[-0.0081,-0.0273,-0.0105,-0.0321,0.0028,-0.0113,-0.0122,-0.0176,-0.0094,-0.0022,-0.0102,0.0056,-0.0133],[0.006,-0.0076,0.014,0.0075,0.01,0.0149,0.0067,0.0016,0.0215,0.0103,0.0117,-0.0369,0.0091],[0.0046,-0.0139,-0.0034,-0.0122,-0.0059,-0.0011,0.0014,-0.0091,-0.0076,-0.0001,-0.0046,0.0107,-0.0068],[0.0043,-0.0057,0.0164,0.0235,0.0063,0.016,0.0047,0.0069,0.0233,0.0084,0.014,-0.0452,0.0127],[0.0095,0.0145,0.0161,0.0238,0.0142,0.0145,0.0085,0.0094,0.0204,0.0045,0.0145,-0.0207,0.0125],[0.0007,0.0114,0.0122,0.003,0.0105,0.0119,0.0067,0.0069,0.0154,0.003,0.0087,-0.0165,0.0109],[0.0048,0.0052,0.012,0.0101,0.0076,0.0122,0.004,0.0065,0.0157,0.0061,0.0102,-0.0155,0.0109],[0.0137,-0.0175,0.0047,-0.0195,0.0042,0.003,0.0075,-0.0088,-0.0032,0.0046,0.0002,0.0094,-0.0033],[0.0062,0.0137,0.0243,0.019,0.0066,0.0223,0.0099,0.009,0.0253,0.011,0.0149,-0.0322,0.0157],[0.0047,-0.0119,0.0063,0.0008,-0.0005,-0.0014,0.0036,-0.0054,-0.0056,-0.005,0.0028,0,-0.007],[0.0029,0.005,0.0025,0.0004,-0.0023,0.0015,0.0055,-0.0023,-0.0083,0.0013,0.0045,0.0125,-0.0071],[0.0045,0.015,0.0091,0.0215,0.002,0.0087,0.0059,0.0072,0.0105,0.0062,0.0103,-0.0168,0.0114],[0.0029,0.0101,0.0145,0.0115,0.0034,0.0155,0.0063,0.0064,0.0131,0.0089,0.0126,-0.0264,0.0091],[-0.0001,-0.0054,-0.0059,0.004,-0.0005,-0.007,0.0025,-0.0027,-0.009,-0.0053,0.0004,0.0061,-0.004],[-0.0003,0.0283,-0.0011,0.0069,0.0052,0.0035,0.0021,0.0112,0.0128,0.0043,0.0056,-0.017,0.008],[-0.0095,0.0179,-0.0199,-0.0156,0.0015,-0.0165,0.0022,0.006,-0.0093,-0.0075,-0.0005,0.0242,-0.0012],[-0.0111,0.0041,-0.0168,-0.0069,0.003,-0.0152,-0.0007,-0.0041,-0.0013,-0.0136,-0.006,-0.0236,-0.0062],[-0.0009,0.0419,-0.0034,-0.0014,0.0059,0.007,0.0014,0.0177,0.0116,0.008,0.0061,-0.0061,0.0126],[-0.0066,0.0088,-0.0089,-0.022,0.0013,-0.0022,-0.0035,-0.0004,0.0012,0.0032,-0.0016,0.0033,0.0021],[0.0013,0.0399,-0.0155,-0.0034,0.0048,-0.0104,-0.0004,0.0229,-0.0009,0.0004,0.0025,0.0109,0.0017],[0.0121,-0.0029,0.0185,0.0162,0.002,0.027,0.0086,0.007,0.0252,0.0139,0.015,-0.0385,0.0171],[0.0021,0.0097,0.0028,0.0039,0.008,0.0043,0.0021,0.0101,0.0036,0.0056,0.0033,0.0006,0.0069],[0.0157,-0.0232,0.0071,0.0378,-0.0029,0.0113,0.0051,-0.0091,0.0055,0.0066,0.0069,-0.0143,0.0026],[0.0046,-0.0053,0.0025,0.0021,0.0056,0.0083,0.0026,0.0063,0.0142,0.0109,0.005,-0.0096,0.0097],[-0.0086,-0.0343,-0.0159,-0.0177,0.003,-0.0124,-0.0039,-0.0176,-0.0072,-0.005,-0.0091,0.0085,-0.0108],[-0.0058,0.0209,-0.0045,-0.0197,0.0037,-0.0074,-0.0005,0.0146,0.0031,0.0003,0.0003,0.0046,0.0022],[-0.0045,-0.022,-0.0227,-0.0384,0.0018,-0.0249,-0.0037,-0.0131,-0.0229,-0.0056,-0.0103,0.0578,-0.0202],[-0.0063,0.0146,-0.0136,-0.0155,0.0063,-0.0276,-0.0054,-0.0052,-0.0142,-0.0097,-0.0072,0.0156,-0.0176],[0.0123,-0.0157,-0.001,0.0313,0.0057,0.0145,-0.0014,0.0028,0.021,0.0074,0.0109,-0.0519,0.0083],[-0.0039,0.0219,-0.0101,-0.0039,0,-0.0069,0.0002,0.0135,0.0023,-0.0001,0,-0.0144,0.0025],[-0.0127,-0.0184,-0.016,-0.0062,0.0029,-0.0103,-0.0028,-0.0143,-0.0049,0.0124,-0.0067,0.0181,-0.0059],[-0.0239,0.0229,-0.0234,-0.0407,-0.0034,-0.0288,-0.0088,-0.0004,-0.0324,0.0029,-0.0137,0.0746,-0.0266],[-0.0002,0.0236,-0.0129,-0.0035,-0.0086,-0.0054,-0.0062,0.002,-0.0095,0.004,-0.0038,0.014,-0.0126],[0.017,-0.0201,0.019,0.0428,0.0095,0.0243,0.0108,-0.0043,0.0184,0.0058,0.0156,-0.0605,0.0071],[0.014,-0.0091,0.0208,0.0152,-0.006,0.0161,0.0133,0.002,0.0034,-0.0055,0.0106,-0.02,0.0053],[0.0075,-0.0176,0.0135,-0.0012,0.0058,0.01,0.004,-0.0037,0.0106,0.0072,0.0064,-0.0193,0.0059],[0.0016,0.0352,0.0082,0.0149,-0.0037,-0.0012,-0.0021,0.0107,-0.0093,-0.0018,0.0027,0.0173,-0.0074],[0.0154,0.0067,0.0192,0.0233,0.008,0.0186,0.0114,0.0064,0.0203,0.007,0.0125,-0.0592,0.0134],[0.0102,-0.0225,0.0209,0.0169,-0.0019,0.0149,0.0076,-0.0061,0.0062,0.0082,0.0064,-0.0398,0.0043],[0.007,-0.0066,0.0097,0.0097,0.004,0.0039,0.0062,-0.0028,0.0064,0.0041,0.0056,-0.0148,0.004],[0.0027,-0.0257,0.0203,0.0064,0.0024,-0.0015,0.0063,0.0014,-0.0072,-0.0062,0.0052,0.0211,-0.0027],[0.0031,-0.005,0.0115,-0.0126,0.0013,0.014,0.0025,0.0088,0.0079,0.0097,0.0031,-0.0301,0.0022],[0.009,0.0058,0.0184,0.0035,0.0033,0.0153,0.0085,0.0121,0.0087,0.0088,0.0094,-0.0008,0.009],[0.0147,-0.0102,0.0191,0.0246,0.0058,0.0163,0.0116,-0.0013,0.0128,-0.002,0.0111,-0.0356,0.0095],[0.0072,0.0149,0.0071,0.0171,0.0009,0.0097,0.0066,0.0059,0.01,0.0079,0.0074,-0.0672,0.008],[-0.0002,-0.0137,-0.0084,0.0105,0.0058,0.0016,0.0029,-0.0012,0.0078,0.0022,0.0027,-0.0271,0.0041],[0.0044,-0.0017,0.0051,0.0109,0.0032,0.0098,0.003,-0.0007,0.0088,0.011,0.0031,-0.0165,0.0057],[0.0022,0.0011,-0.0048,0.0018,-0.0071,0.0053,0.0043,0.001,0.0065,0.0067,0.0037,-0.0121,0.0033],[0.0032,-0.0222,0.0028,0.0061,0.0022,0.0017,0.0028,-0.0068,0.0042,0.0069,0.0029,-0.0302,-0.0006],[0.0084,0.0094,0.0117,0.0235,0.0078,0.01,0.005,0.0058,0.012,0.0059,0.0066,-0.0232,0.0097],[-0.0012,0.016,-0.0004,0.0148,0.0058,-0.0029,0.0015,0.0046,0.0069,-0.0004,0.0026,-0.0003,0.0075],[0.0065,-0.0194,0.0058,0.0091,0.0045,0.0108,-0.0033,-0.0011,0.011,0.0039,0.0041,-0.0652,0.0039],[0.006,0.0367,0,0.0137,0.0072,0.0018,0.0031,0.0128,0.0144,0.0023,0.0065,-0.099,0.0113],[0.0002,0.0004,0.0009,0.008,0.0023,0.001,0.0005,-0.0023,0.0066,-0.0077,0.0006,-0.0008,-0.0007],[0.0025,0.0115,0.0166,0.0162,0.0052,0.015,0.0009,0.0055,0.0091,0.0078,0.0055,0.0043,0.0064],[0.0084,0.0357,0.0177,0.0356,0.0106,0.0143,0.0072,0.0264,0.0242,0.0077,0.0084,0.1122,0.0209],[-0.0005,-0.0568,-0.0043,-0.0151,-0.0076,-0.0095,0.0046,-0.0231,-0.0155,-0.0046,-0.004,-0.0118,-0.0127],[-0.0014,-0.0029,-0.0039,-0.0109,0.0022,-0.0103,-0.0001,-0.0062,-0.0048,-0.0056,-0.0021,0.0056,-0.0044],[0.0032,0.0008,0.0049,-0.0061,0.0003,0.0046,0.0053,0.0026,0.0049,-0.0028,0.0033,-0.0022,0.0022],[-0.0026,-0.0074,0.0082,-0.0092,0.0033,0.0116,0.0016,0.003,0.0108,0.0111,0.0039,0.0139,0.0073],[0.0016,0.0023,0.0091,-0.0308,-0.0045,0.0044,0.0008,-0.0017,-0.0047,0.0112,-0.0029,-0.0183,-0.0037],[0.0021,-0.0058,0.0093,0.004,-0.001,0.0055,0.0022,-0.0014,0.0067,-0.0021,0.0045,-0.0052,0.0018],[0.0024,0.0166,0.0002,-0.0277,0.0004,0.0011,0.0017,-0.0007,0.0035,0.005,-0.0002,-0.0214,0.0015],[0.0034,-0.0054,0.005,-0.011,-0.0016,0.0032,0.0036,0.0006,-0.0023,0.0028,0.0018,0.0036,-0.0022],[-0.0073,-0.0314,-0.0158,-0.0315,-0.0129,-0.0257,-0.0023,-0.0096,-0.0402,-0.008,-0.0109,0.0237,-0.0269],[-0.0068,-0.0053,-0.0193,0.012,-0.0211,-0.0034,-0.0067,-0.0087,-0.0044,0.0119,-0.0063,-0.0021,-0.0071],[-0.0121,0.0039,-0.0234,-0.0146,0.004,-0.0286,-0.0065,-0.0008,-0.0298,-0.0029,-0.009,0.0036,-0.0163],[0.0242,-0.0091,0.0223,0.0411,0.0109,0.0332,0.008,0.011,0.0387,0.0138,0.0178,-0.0142,0.0233],[0.0119,0.0052,0.0051,0.0219,0.0008,0.0132,0.0059,0.0003,0.0138,0.0057,0.006,-0.0262,0.009],[0.0075,0.03,-0.001,0.0131,0.0017,0.0042,0.0018,0.0137,0.0029,0.0043,0.0048,-0.0062,0.0075],[0.0105,0.0175,0.0109,0.0052,-0.0071,0.0155,0.0052,0.0088,0.0145,0.0067,0.0045,-0.0183,0.0086],[-0.0036,-0.0081,-0.0053,-0.022,0.0007,-0.0138,0.0001,-0.0026,-0.021,-0.0047,-0.0013,0.0072,-0.0083],[0.0089,0.024,0.0075,0.0315,0.0038,0.0158,0.0008,0.0221,0.0193,0.0044,0.0075,-0.0073,0.0137],[0.0032,0.0206,-0.0032,0.0044,0.0029,0.0028,0.0031,0.0065,0.0046,0.0057,0.0039,-0.0033,0.0037],[0.0019,0.03,-0.0089,-0.0348,0.0009,-0.0139,-0.0033,0.0126,-0.01,-0.0003,-0.0031,0.0004,-0.0063],[0.0023,-0.0273,-0.0022,0.0076,-0.0027,0.0008,0.0028,-0.0064,-0.0007,0.0037,0.0054,-0.0035,-0.0033],[0.0032,-0.0204,-0.0033,0.0204,-0.0014,0.0027,0.0034,-0.0056,0.0104,0.0052,0.0012,-0.0028,0.0035],[0.006,0.0058,-0.0043,-0.0008,0.0004,0.009,0.0041,-0.0017,0.0138,0.0053,0.0068,-0.014,0.0071],[0.0127,0.0061,0.0078,0.0366,0.0038,0.017,0.0083,0.0099,0.0208,0.009,0.0109,0.0024,0.0138],[0.0051,0.0045,-0.0038,-0.0035,-0.0024,-0.003,0.0071,0.0029,-0.0064,0.0021,0.0016,0.0078,0.003],[0.008,-0.0125,-0.0111,-0.0209,-0.0103,-0.0249,0.0034,-0.0086,-0.0237,-0.0065,-0.0106,0.0296,-0.0132],[-0.07,0.0003,-0.1061,-0.1186,-0.0244,-0.1269,-0.0404,-0.0276,-0.0813,-0.079,-0.0618,0.0345,-0.0705],[0.0296,-0.0028,0.0197,0.0563,0.0124,0.0543,0.0076,0.0216,0.0563,0.0412,0.0213,0,0.034],[0.013,0,0.0211,0.0242,0.0053,0.0301,0.0254,0.0127,0.0287,0.003,0.0172,0,0.0216],[0.0248,-0.008,0.0405,0.0524,0.0085,0.0231,0.0234,0.0022,0.0175,0.0157,0.0135,-0.0025,0.0182],[0.0335,0.0281,0.0082,0.0454,0.0236,0.02,0.0152,0.0308,0.0276,0.0108,0.0176,0.0339,0.0217],[0.0208,-0.0033,0.0146,0.0223,0.0015,0.0319,0.0073,0.0128,0.0283,0.007,0.0091,0.0417,0.0203],[0.0053,-0.0191,0.0069,-0.0146,-0.002,0.0002,0.0079,-0.0136,-0.0109,0.0083,0.0017,0.0139,-0.0019],[0.0065,-0.0037,-0.0026,-0.0026,-0.0045,0.0024,0.0019,-0.0083,-0.0007,0.0044,0.0009,-0.0097,0.0026],[0.0292,0.0125,0.0426,0.0568,0.0033,0.0666,0.0077,0.0215,0.0618,0.0472,0.0214,0,0.0384],[0.0217,0.0452,0.0307,0.0454,0.015,0.0451,0.0138,0.0375,0.0444,0.0471,0.0184,0,0.0313],[0.0247,-0.0032,0.0239,0.0205,0.0003,0.0168,0.0143,0.0012,-0.0009,0.0352,0.0105,0,-0.0095],[0.0189,0.0315,0.0316,0.0162,0.0139,0.0372,0.0039,0.0149,0.0442,0.0188,0.0159,0.009,0.0274],[-0.0048,0.0045,0.0163,-0.0081,0.0102,0.016,0.0056,0.0093,0.0075,-0.0135,0.0054,0.002,0.0004],[-0.0001,0.025,0.0216,0.0257,0.0147,0.0276,0.0092,0.0233,0.0249,0.0234,0.0109,0,0.0189],[0.0056,0.0164,0.0168,0.0209,0.0035,0.0125,0.003,0.0188,0.0085,0.0058,0.0067,0,0.0022]],"mu":[0.0057921501706,0.0043174061433,0.0068249146758,0.0067303754266,0.0043354948805,0.0066740614334,0.0044300341297,0.0055979522184,0.0067170648464,0.0055819112628,0.0057283276451,-0.0012604095563,0.0045116040956],"sigma":[[0.00012453582097,7.5363541054e-06,0.00013072858356,0.00018295947725,4.0513427348e-05,0.00013864166713,5.5633421363e-05,7.8125195327e-05,0.00013911737787,0.00011896740773,7.666312032e-05,-7.600071647e-05,0.00012562340394],[7.5363541054e-06,0.00036663712066,1.3177929252e-05,6.2210743211e-05,3.9872111639e-05,2.0469199864e-05,1.2128580854e-05,0.00017921670277,5.8310003857e-05,1.9501916136e-05,1.4909949403e-05,1.4766207755e-05,8.0193715956e-05],[0.00013072858356,1.3177929252e-05,0.00024161738004,0.00030844073199,6.4784798402e-05,0.00022885023955,7.0022705342e-05,0.0001284475784,0.00023469394349,0.00016685465725,0.00010957985502,-0.00015236764316,0.00020245204657],[0.00018295947725,6.2210743211e-05,0.00030844073199,0.00068107426212,0.00010831919069,0.00033590190996,0.00010450843146,0.00025731652388,0.00041379076843,0.00025788282584,0.0001732941739,-0.00027006816302,0.0003539501691],[4.0513427348e-05,3.9872111639e-05,6.4784798402e-05,0.00010831919069,5.1101021231e-05,7.1441963272e-05,2.1374153058e-05,6.8459855272e-05,9.6170159492e-05,5.9871065054e-05,3.8887165209e-05,-4.0929247342e-05,8.2440333476e-05],[0.00013864166713,2.0469199864e-05,0.00022885023955,0.00033590190996,7.1441963272e-05,0.00025617390424,7.0039612195e-05,0.00014256779147,0.00027660411162,0.00020147599342,0.00012106755918,-0.00017213069398,0.00022790705749],[5.5633421363e-05,1.2128580854e-05,7.0022705342e-05,0.00010450843146,2.1374153058e-05,7.0039612195e-05,4.2351226414e-05,4.9737711168e-05,6.8231782077e-05,5.7785036046e-05,3.9176492206e-05,-3.3805966372e-05,6.7842134773e-05],[7.8125195327e-05,0.00017921670277,0.0001284475784,0.00025731652388,6.8459855272e-05,0.00014256779147,4.9737711168e-05,0.00021963570364,0.00019595656604,0.00011633192002,7.7545437107e-05,-7.7904332883e-05,0.00018209792734],[0.00013911737787,5.8310003857e-05,0.00023469394349,0.00041379076843,9.6170159492e-05,0.00027660411162,6.8231782077e-05,0.00019595656604,0.0003655647389,0.00021744014634,0.00013758154379,-0.00022924397349,0.00028242974083],[0.00011896740773,1.9501916136e-05,0.00016685465725,0.00025788282584,5.9871065054e-05,0.00020147599342,5.7785036046e-05,0.00011633192002,0.00021744014634,0.00023286843963,9.6926881124e-05,-0.00012573319518,0.00018727121767],[7.666312032e-05,1.4909949403e-05,0.00010957985502,0.0001732941739,3.8887165209e-05,0.00012106755918,3.9176492206e-05,7.7545437107e-05,0.00013758154379,9.6926881124e-05,6.9178898021e-05,-8.4360326942e-05,0.00011409702599],[-7.600071647e-05,1.4766207755e-05,-0.00015236764316,-0.00027006816302,-4.0929247342e-05,-0.00017213069398,-3.3805966372e-05,-7.7904332883e-05,-0.00022924397349,-0.00012573319518,-8.4360326942e-05,0.00030964083602,-0.00016113322895],[0.00012562340394,8.0193715956e-05,0.00020245204657,0.0003539501691,8.2440333476e-05,0.00022790705749,6.7842134773e-05,0.00018209792734,0.00028242974083,0.00018727121767,0.00011409702599,-0.00016113322895,0.00025058673344]],"m3":[[-3.3923390034e-06,6.5037048311e-08,-3.4108907234e-06,-5.0157177278e-06,-8.6656436734e-07,-3.6286152454e-06,-1.9445596492e-06,-1.7716922482e-06,-3.31382418e-06,-4.1339567638e-06,-1.8558915691e-06,1.5372863281e-06,-3.4965497067e-06,6.5037048311e-08,-6.964044053e-07,5.1519772624e-07,7.5441389438e-07,8.9385107478e-08,5.2647666271e-07,4.6282168261e-08,1.8731309132e-07,3.3212824113e-07,4.4288456991e-07,8.9888541425e-08,-4.023437022e-07,3.6505892599e-07,-3.4108907234e-06,5.1519772624e-07,-3.7702471349e-06,-5.6379016146e-06,-9.7242569875e-07,-3.9669599652e-06,-1.9529398193e-06,-1.6996138985e-06,-3.5156082647e-06,-4.6883729293e-06,-1.9339965196e-06,1.8602298461e-06,-3.8103602712e-06,-5.0157177278e-06,7.5441389438e-07,-5.6379016146e-06,-8.182707318e-06,-1.4376186839e-06,-5.905648549e-06,-2.8433370801e-06,-2.4214331063e-06,-5.2092555901e-06,-6.7758325165e-06,-2.8772705098e-06,2.7345086156e-06,-5.5903665634e-06,-8.6656436734e-07,8.9385107478e-08,-9.7242569875e-07,-1.4376186839e-06,-2.4423045091e-07,-1.0310776763e-06,-4.7435850978e-07,-3.8045234996e-07,-9.522056363e-07,-1.0390971241e-06,-5.2199341692e-07,5.1785313651e-07,-9.4021418285e-07,-3.6286152454e-06,5.2647666271e-07,-3.9669599652e-06,-5.905648549e-06,-1.0310776763e-06,-4.1739837195e-06,-2.0546240607e-06,-1.8054974258e-06,-3.6977290738e-06,-4.7622563872e-06,-2.0961958182e-06,2.055330102e-06,-3.9824767358e-06,-1.9445596492e-06,4.6282168261e-08,-1.9529398193e-06,-2.8433370801e-06,-4.7435850978e-07,-2.0546240607e-06,-1.1491889627e-06,-9.9655649316e-07,-1.8373460469e-06,-2.3546800377e-06,-1.0611505643e-06,7.8126509073e-07,-1.9570729343e-06,-1.7716922482e-06,1.8731309132e-07,-1.6996138985e-06,-2.4214331063e-06,-3.8045234996e-07,-1.8054974258e-06,-9.9655649316e-07,-5.8117040945e-07,-1.5013078574e-06,-2.1174406658e-06,-9.8403844077e-07,7.7463464387e-07,-1.65571161e-06,-3.31382418e-06,3.3212824113e-07,-3.5156082647e-06,-5.2092555901e-06,-9.522056363e-07,-3.6977290738e-06,-1.8373460469e-06,-1.5013078574e-06,-3.2371156346e-06,-4.1766084526e-06,-1.8796661656e-06,1.7881474584e-06,-3.5257925661e-06,-4.1339567638e-06,4.4288456991e-07,-4.6883729293e-06,-6.7758325165e-06,-1.0390971241e-06,-4.7622563872e-06,-2.3546800377e-06,-2.1174406658e-06,-4.1766084526e-06,-5.751979222e-06,-2.3207381083e-06,2.3327884865e-06,-4.5529601173e-06,-1.8558915691e-06,8.9888541425e-08,-1.9339965196e-06,-2.8772705098e-06,-5.2199341692e-07,-2.0961958182e-06,-1.0611505643e-06,-9.8403844077e-07,-1.8796661656e-06,-2.3207381083e-06,-1.0266530016e-06,9.1201248457e-07,-2.0040282488e-06,1.5372863281e-06,-4.023437022e-07,1.8602298461e-06,2.7345086156e-06,5.1785313651e-07,2.055330102e-06,7.8126509073e-07,7.7463464387e-07,1.7881474584e-06,2.3327884865e-06,9.1201248457e-07,-9.7484490548e-07,1.894815559e-06,-3.4965497067e-06,3.6505892599e-07,-3.8103602712e-06,-5.5903665634e-06,-9.4021418285e-07,-3.9824767358e-06,-1.9570729343e-06,-1.65571161e-06,-3.5257925661e-06,-4.5529601173e-06,-2.0040282488e-06,1.894815559e-06,-3.7731466665e-06],[6.5037048311e-08,-6.964044053e-07,5.1519772624e-07,7.5441389438e-07,8.9385107478e-08,5.2647666271e-07,4.6282168261e-08,1.8731309132e-07,3.3212824113e-07,4.4288456991e-07,8.9888541425e-08,-4.023437022e-07,3.6505892599e-07,-6.964044053e-07,1.029869676e-06,-1.3051592935e-06,-1.3616682205e-06,-1.4791252384e-07,-1.5069182017e-06,-1.1132607825e-07,2.3650001137e-07,-1.259360264e-06,-1.1992620661e-06,-7.3332986072e-07,1.1506057767e-06,-1.189980071e-06,5.1519772624e-07,-1.3051592935e-06,1.4273047168e-06,2.3533984372e-06,3.7678860894e-07,1.6908612326e-06,1.6498306791e-07,5.2370627538e-07,1.4710588792e-06,1.6490236547e-06,5.9666969842e-07,-1.3141810938e-06,1.3145972418e-06,7.5441389438e-07,-1.3616682205e-06,2.3533984372e-06,3.5193883649e-06,6.0376653125e-07,2.6112949367e-06,4.9040905899e-07,1.4291097433e-06,2.2978166321e-06,2.579429909e-06,9.6249104715e-07,-1.7816709709e-06,2.1701529633e-06,8.9385107478e-08,-1.4791252384e-07,3.7678860894e-07,6.0376653125e-07,1.1300245732e-07,3.9005386846e-07,1.0181331893e-07,3.1343505872e-07,3.2119423042e-07,3.1640098772e-07,1.0970332733e-07,-2.1124739577e-07,3.0341368106e-07,5.2647666271e-07,-1.5069182017e-06,1.6908612326e-06,2.6112949367e-06,3.9005386846e-07,1.9471049849e-06,2.2503461986e-07,6.9669761408e-07,1.6652171038e-06,1.8526559348e-06,7.1157760823e-07,-1.3423086465e-06,1.4707968357e-06,4.6282168261e-08,-1.1132607825e-07,1.6498306791e-07,4.9040905899e-07,1.0181331893e-07,2.2503461986e-07,6.1306024741e-08,2.1834363026e-07,2.1021701101e-07,2.4617039767e-07,6.9330102243e-08,-2.6865053188e-07,1.9192837009e-07,1.8731309132e-07,2.3650001137e-07,5.2370627538e-07,1.4291097433e-06,3.1343505872e-07,6.9669761408e-07,2.1834363026e-07,1.2733325027e-06,8.5068692143e-07,8.8047849422e-07,2.0718427145e-07,-4.6952136657e-07,7.8177414248e-07,3.3212824113e-07,-1.259360264e-06,1.4710588792e-06,2.2978166321e-06,3.2119423042e-07,1.6652171038e-06,2.1021701101e-07,8.5068692143e-07,1.5215893792e-06,1.6268315541e-06,5.8157726163e-07,-1.185621359e-06,1.2836325696e-06,4.4288456991e-07,-1.1992620661e-06,1.6490236547e-06,2.579429909e-06,3.1640098772e-07,1.8526559348e-06,2.4617039767e-07,8.8047849422e-07,1.6268315541e-06,1.6395947022e-06,7.2547743134e-07,-1.4218131805e-06,1.4072060135e-06,8.9888541425e-08,-7.3332986072e-07,5.9666969842e-07,9.6249104715e-07,1.0970332733e-07,7.1157760823e-07,6.9330102243e-08,2.0718427145e-07,5.8157726163e-07,7.2547743134e-07,2.1537094099e-07,-5.3515088144e-07,5.1376070915e-07,-4.023437022e-07,1.1506057767e-06,-1.3141810938e-06,-1.7816709709e-06,-2.1124739577e-07,-1.3423086465e-06,-2.6865053188e-07,-4.6952136657e-07,-1.185621359e-06,-1.4218131805e-06,-5.3515088144e-07,1.3861241354e-06,-1.2189732742e-06,3.6505892599e-07,-1.189980071e-06,1.3145972418e-06,2.1701529633e-06,3.0341368106e-07,1.4707968357e-06,1.9192837009e-07,7.8177414248e-07,1.2836325696e-06,1.4072060135e-06,5.1376070915e-07,-1.2189732742e-06,1.1593801824e-06],[-3.4108907234e-06,5.1519772624e-07,-3.7702471349e-06,-5.6379016146e-06,-9.7242569875e-07,-3.9669599652e-06,-1.9529398193e-06,-1.6996138985e-06,-3.5156082647e-06,-4.6883729293e-06,-1.9339965196e-06,1.8602298461e-06,-3.8103602712e-06,5.1519772624e-07,-1.3051592935e-06,1.4273047168e-06,2.3533984372e-06,3.7678860894e-07,1.6908612326e-06,1.6498306791e-07,5.2370627538e-07,1.4710588792e-06,1.6490236547e-06,5.9666969842e-07,-1.3141810938e-06,1.3145972418e-06,-3.7702471349e-06,1.4273047168e-06,-4.6388425655e-06,-7.2339463492e-06,-1.2595980761e-06,-5.0214027906e-06,-2.1092592842e-06,-1.7964414037e-06,-4.3853222453e-06,-5.8239226577e-06,-2.3447626658e-06,2.8570499386e-06,-4.7025946561e-06,-5.6379016146e-06,2.3533984372e-06,-7.2339463492e-06,-1.0914316063e-05,-1.798854907e-06,-7.7405732812e-06,-3.1265878026e-06,-2.5455219671e-06,-6.7584793095e-06,-8.5594046642e-06,-3.5880343363e-06,4.5680201135e-06,-7.0601732224e-06,-9.7242569875e-07,3.7678860894e-07,-1.2595980761e-06,-1.798854907e-06,-3.7173644738e-07,-1.3209742599e-06,-5.055766461e-07,-3.4894860033e-07,-1.1859833723e-06,-1.2904395639e-06,-6.6057907016e-07,7.5197316908e-07,-1.1167669598e-06,-3.9669599652e-06,1.6908612326e-06,-5.0214027906e-06,-7.7405732812e-06,-1.3209742599e-06,-5.3285586974e-06,-2.2073029628e-06,-1.8826556661e-06,-4.6539216146e-06,-5.963031068e-06,-2.5675934292e-06,3.2314929985e-06,-4.958146491e-06,-1.9529398193e-06,1.6498306791e-07,-2.1092592842e-06,-3.1265878026e-06,-5.055766461e-07,-2.2073029628e-06,-1.1636729434e-06,-9.6863164223e-07,-1.9561272002e-06,-2.6177632898e-06,-1.0919422013e-06,9.5518477234e-07,-2.1078527497e-06,-1.6996138985e-06,5.2370627538e-07,-1.7964414037e-06,-2.5455219671e-06,-3.4894860033e-07,-1.8826556661e-06,-9.6863164223e-07,-4.0794126558e-07,-1.4553234735e-06,-2.2027246475e-06,-9.9334093584e-07,9.7903597054e-07,-1.6527585868e-06,-3.5156082647e-06,1.4710588792e-06,-4.3853222453e-06,-6.7584793095e-06,-1.1859833723e-06,-4.6539216146e-06,-1.9561272002e-06,-1.4553234735e-06,-4.0530837139e-06,-5.119544609e-06,-2.2790466911e-06,2.8434439935e-06,-4.2824874344e-06,-4.6883729293e-06,1.6490236547e-06,-5.8239226577e-06,-8.5594046642e-06,-1.2904395639e-06,-5.963031068e-06,-2.6177632898e-06,-2.2027246475e-06,-5.119544609e-06,-7.1436993147e-06,-2.8804437834e-06,3.2855190291e-06,-5.5102284551e-06,-1.9339965196e-06,5.9666969842e-07,-2.3447626658e-06,-3.5880343363e-06,-6.6057907016e-07,-2.5675934292e-06,-1.0919422013e-06,-9.9334093584e-07,-2.2790466911e-06,-2.8804437834e-06,-1.209889805e-06,1.3590513227e-06,-2.4075588586e-06,1.8602298461e-06,-1.3141810938e-06,2.8570499386e-06,4.5680201135e-06,7.5197316908e-07,3.2314929985e-06,9.5518477234e-07,9.7903597054e-07,2.8434439935e-06,3.2855190291e-06,1.3590513227e-06,-2.1505548616e-06,2.8376984192e-06,-3.8103602712e-06,1.3145972418e-06,-4.7025946561e-06,-7.0601732224e-06,-1.1167669598e-06,-4.958146491e-06,-2.1078527497e-06,-1.6527585868e-06,-4.2824874344e-06,-5.5102284551e-06,-2.4075588586e-06,2.8376984192e-06,-4.5252644914e-06],[-5.0157177278e-06,7.5441389438e