{
  "q": 15.76923076923077,
  "e_max": 1.5670598828932802,
  "sigma_raw": [[0.0003319593481587757, -8.995082735533264e-6, 0.00023685590793878536, 0.00037736230057388805, 7.91369430894309e-5, 0.0002310787010999521, 0.00018100626614060255, 0.00011585059301769502, 0.00023072414012434246, 0.00010481983548541374, 0.00019216048254423737, -0.00032607868914395023, 0.00019496728455284555], [-8.995082735533264e-6, 0.0005842509000478243, -1.024607795313246e-5, 3.642014012434241e-5, 3.8601195839311326e-5, 3.191132950741294e-6, 5.520791487326638e-6, 0.00020311654351984695, 4.647838689622193e-5, 2.6178735054997726e-6, 2.061265662362506e-6, 0.00013555275035867994, 7.143827570540408e-5], [0.00023685590793878536, -1.024607795313246e-5, 0.0003193050636059301, 0.0005107845679100908, 9.385899760879961e-5, 0.0002929959275466285, 0.00014938610114777619, 0.00015729974892395986, 0.00030023702582496393, 0.000119418156623625, 0.00018855455858440945, -0.0005660281728837876, 0.00024890356097560974], [0.00037736230057388805, 3.642014012434241e-5, 0.0005107845679100908, 0.0012616275643232895, 0.00016330012290769955, 0.0005241490260640842, 0.00024119126374940215, 0.0003897024151123865, 0.0006232754784791965, 0.0002295781750358679, 0.00034239380248684827, -0.001257967302008609, 0.0005136425815399329], [7.91369430894309e-5, 3.8601195839311326e-5, 9.385899760879961e-5, 0.00016330012290769955, 7.308048158775704e-5, 0.0001004054823051171, 4.5238836681013856e-5, 7.673316475370638e-5, 0.00012468283022477278, 4.986198541367762e-5, 6.892403443328553e-5, -0.0001562593596365375, 0.00010129995480631282], [0.0002310787010999521, 3.191132950741294e-6, 0.0002929959275466285, 0.0005241490260640842, 0.0001004054823051171, 0.0003093394658058343, 0.00013242974653275943, 0.00017404010282161657, 0.00033651128718316576, 0.0001489022570540412, 0.00019798095313247266, -0.0006265412675753223, 0.00026255727474892404], [0.00018100626614060255, 5.520791487326638e-6, 0.00014938610114777619, 0.00024119126374940215, 4.5238836681013856e-5, 0.00013242974653275943, 0.00016349391917742703, 8.809966523194644e-5, 0.0001230736716881876, 4.9921761119081794e-5, 0.00011606916307986606, -0.00012714053443328547, 0.00011801326757532284], [0.00011585059301769502, 0.00020311654351984695, 0.00015729974892395986, 0.0003897024151123865, 7.673316475370638e-5, 0.00017404010282161657, 8.809966523194644e-5, 0.00024967734815877564, 0.0002428176637972262, 8.11434194165471e-5, 0.00011417851745576279, -0.00033560874222859883, 0.00021134148015303686], [0.00023072414012434246, 4.647838689622193e-5, 0.00030023702582496393, 0.0006232754784791965, 0.00012468283022477278, 0.00033651128718316576, 0.0001230736716881876, 0.0002428176637972262, 0.0004610258139646102, 0.00016276143400286935, 0.00022407335557149681, -0.0008408496276901003, 0.0003299685841702535], [0.00010481983548541374, 2.6178735054997726e-6, 0.000119418156623625, 0.0002295781750358679, 4.986198541367762e-5, 0.0001489022570540412, 4.9921761119081794e-5, 8.11434194165471e-5, 0.00016276143400286935, 0.0001043914505021521, 9.526530344332846e-5, -0.0002883234634146342, 0.0001248886709708273], [0.00019216048254423737, 2.061265662362506e-6, 0.00018855455858440945, 0.00034239380248684827, 6.892403443328553e-5, 0.00019798095313247266, 0.00011606916307986606, 0.00011417851745576279, 0.00022407335557149681, 9.526530344332846e-5, 0.00015442066618842664, -0.00036621549282639897, 0.00017154417097082727], [-0.00032607868914395023, 0.00013555275035867994, -0.0005660281728837876, -0.001257967302008609, -0.0001562593596365375, -0.0006265412675753223, -0.00012714053443328547, -0.00033560874222859883, -0.0008408496276901003, -0.0002883234634146342, -0.00036621549282639897, 0.002605717206121473, -0.0005687163194643711], [0.00019496728455284555, 7.143827570540408e-5, 0.00024890356097560974, 0.0005136425815399329, 0.00010129995480631282, 0.00026255727474892404, 0.00011801326757532284, 0.00021134148015303686, 0.0003299685841702535, 0.0001248886709708273, 0.00017154417097082727, -0.0005687163194643711, 0.0002810725691056912]],
  "sigma_denoised": [[0.0003319593481587757, 5.26429293928542e-5, 0.000205986868294541, 0.0004056778197111439, 9.066033386710424e-5, 0.00020668778075484467, 0.0001300303645238964, 0.00016827318922747525, 0.00024909883421371385, 0.00011237114541917071, 0.00014465615339687293, -0.0005294902488354117, 0.00019592234194278703], [5.2642929392854196e-5, 0.0005842509000478243, 5.486379665049963e-5, 0.00010805070046710408, 2.4147025306675972e-5, 5.5050481942675265e-5, 3.46330789758331e-5, 4.481890574842975e-5, 6.634650014017384e-5, 2.9929615041506495e-5, 3.8528600633227075e-5, -0.0001410276566707643, 5.218314942420816e-5], [0.000205986868294541, 5.4863796650499617e-5, 0.00031930506360593007, 0.00042279230397978976, 9.448505580744487e-5, 0.00021540739666771086, 0.00013551600490146278, 0.00017537219417657272, 0.00025960766134782787, 0.00011711178961286973, 0.00015075881748493272, -0.000551828055079163, 0.00020418779219945517], [0.0004056778197111439, 0.00010805070046710408, 0.00042279230397978976, 0.0012616275643232895, 0.00018608220879615074, 0.0004242309412892137, 0.0002668900103174539, 0.000345384198325602, 0.0005112805049557951, 0.00023064409816981647, 0.000296909744227315, -0.0010867896778733086, 0.00040213465565514553], [9.066033386710423e-5, 2.4147025306675972e-5, 9.448505580744485e-5, 0.00018608220879615074, 7.308048158775706e-5, 9.480656053964569e-5, 5.9644220772049764e-5, 7.718599640206328e-5, 0.0001142602800223064, 5.154403304435412e-5, 6.635299055593272e-5, -0.00024287429642930094, 8.98685123263273e-5], [0.00020668778075484464, 5.5050481942675265e-5, 0.0002154073966677108, 0.0004242309412892137, 9.480656053964569e-5, 0.0003093394658058343, 0.000135977125832095, 0.00017596893394501953, 0.0002604910295262731, 0.00011751028643583587, 0.00015127180520376512, -0.0005537057629299228, 0.00020488258293528913], [0.00013003036452389642, 3.463307897583311e-5, 0.00013551600490146278, 0.0002668900103174539, 5.964422077204978e-5, 0.000135977125832095, 0.00016349391917742703, 0.00011070467998730983, 0.00016387879051583655, 7.39274732388894e-5, 9.516734806961911e-5, -0.0003483445510412567, 0.00012889468766067165], [0.0001682731892274752, 4.4818905748429766e-5, 0.0001753721941765727, 0.00034538419832560194, 7.718599640206328e-5, 0.00017596893394501953, 0.0001107046799873098, 0.00024967734815877564, 0.0002120766701517112, 9.567005167589585e-5, 0.00012315671980641879, -0.0004507950798134764, 0.00016680350198629575], [0.0002490988342137138, 6.634650014017384e-5, 0.0002596076613478278, 0.0005112805049557951, 0.0001142602800223064, 0.0002604910295262731, 0.00016387879051583653, 0.0002120766701517112, 0.00046102581396461023, 0.00014162266996328084, 0.00018231184343866282, -0.0006673227587017188, 0.00024692322097361735], [0.0001123711454191707, 2.9929615041506495e-5, 0.00011711178961286972, 0.00023064409816981647, 5.154403304435411e-5, 0.00011751028643583587, 7.39274732388894e-5, 9.567005167589586e-5, 0.00014162266996328084, 0.00010439145050215209, 8.224282034618687e-5, -0.00030103642594833376, 0.00011138970304289276], [0.00014465615339687293, 3.8528600633227075e-5, 0.00015075881748493272, 0.000296909744227315, 6.635299055593272e-5, 0.00015127180520376512, 9.516734806961911e-5, 0.0001231567198064188, 0.00018231184343866282, 8.224282034618686e-5, 0.00015442066618842664, -0.00038752627507345324, 0.00014339273583177238], [-0.0005294902488354117, -0.00014102765667076435, -0.0005518280550791629, -0.0010867896778733086, -0.00024287429642930094, -0.0005537057629299228, -0.0003483445510412566, -0.0004507950798134764, -0.0006673227587017188, -0.0003010364259483338, -0.00038752627507345324, 0.0026057172061214728, -0.0005248657149651327], [0.00019592234194278703, 5.2183149424208173e-5, 0.00020418779219945522, 0.00040213465565514564, 8.98685123263273e-5, 0.00020488258293528919, 0.00012889468766067165, 0.00016680350198629577, 0.0002469232209736174, 0.00011138970304289278, 0.00014339273583177238, -0.0005248657149651327, 0.0002810725691056912]]
}
